2020/12/28-02:59:10.312012 3825f40 RocksDB version: 6.0.2
2020/12/28-02:59:10.312058 3825f40 Git sha rocksdb_build_git_sha:@0@
2020/12/28-02:59:10.312060 3825f40 Compile date Aug 14 2020
2020/12/28-02:59:10.312062 3825f40 DB SUMMARY
2020/12/28-02:59:10.312193 3825f40 CURRENT file:  CURRENT
2020/12/28-02:59:10.312199 3825f40 IDENTITY file:  IDENTITY
2020/12/28-02:59:10.312206 3825f40 MANIFEST file:  MANIFEST-000566 size: 262 Bytes
2020/12/28-02:59:10.312209 3825f40 SST files in data//group1/block/RocksDB dir, Total Num: 2, files: 000561.sst 000565.sst 
2020/12/28-02:59:10.312247 3825f40 Write Ahead Log file in data//group1/block/RocksDB: 000567.log size: 0 ; 
2020/12/28-02:59:10.312256 3825f40                         Options.error_if_exists: 0
2020/12/28-02:59:10.312258 3825f40                       Options.create_if_missing: 1
2020/12/28-02:59:10.312259 3825f40                         Options.paranoid_checks: 1
2020/12/28-02:59:10.312261 3825f40                                     Options.env: 0x21d3400
2020/12/28-02:59:10.312263 3825f40                                Options.info_log: 0x42879a0
2020/12/28-02:59:10.312264 3825f40                Options.max_file_opening_threads: 16
2020/12/28-02:59:10.312266 3825f40                              Options.statistics: (nil)
2020/12/28-02:59:10.312268 3825f40                               Options.use_fsync: 0
2020/12/28-02:59:10.312269 3825f40                       Options.max_log_file_size: 0
2020/12/28-02:59:10.312271 3825f40                  Options.max_manifest_file_size: 1073741824
2020/12/28-02:59:10.312273 3825f40                   Options.log_file_time_to_roll: 0
2020/12/28-02:59:10.312274 3825f40                       Options.keep_log_file_num: 1000
2020/12/28-02:59:10.312276 3825f40                    Options.recycle_log_file_num: 0
2020/12/28-02:59:10.312278 3825f40                         Options.allow_fallocate: 1
2020/12/28-02:59:10.312279 3825f40                        Options.allow_mmap_reads: 0
2020/12/28-02:59:10.312281 3825f40                       Options.allow_mmap_writes: 0
2020/12/28-02:59:10.312282 3825f40                        Options.use_direct_reads: 0
2020/12/28-02:59:10.312284 3825f40                        Options.use_direct_io_for_flush_and_compaction: 0
2020/12/28-02:59:10.312285 3825f40          Options.create_missing_column_families: 0
2020/12/28-02:59:10.312287 3825f40                              Options.db_log_dir: 
2020/12/28-02:59:10.312289 3825f40                                 Options.wal_dir: data//group1/block/RocksDB
2020/12/28-02:59:10.312290 3825f40                Options.table_cache_numshardbits: 6
2020/12/28-02:59:10.312292 3825f40                      Options.max_subcompactions: 1
2020/12/28-02:59:10.312293 3825f40                  Options.max_background_flushes: -1
2020/12/28-02:59:10.312295 3825f40                         Options.WAL_ttl_seconds: 0
2020/12/28-02:59:10.312297 3825f40                       Options.WAL_size_limit_MB: 0
2020/12/28-02:59:10.312298 3825f40             Options.manifest_preallocation_size: 4194304
2020/12/28-02:59:10.312300 3825f40                     Options.is_fd_close_on_exec: 1
2020/12/28-02:59:10.312301 3825f40                   Options.advise_random_on_open: 1
2020/12/28-02:59:10.312303 3825f40                    Options.db_write_buffer_size: 0
2020/12/28-02:59:10.312305 3825f40                    Options.write_buffer_manager: 0x4284f00
2020/12/28-02:59:10.312306 3825f40         Options.access_hint_on_compaction_start: 1
2020/12/28-02:59:10.312308 3825f40  Options.new_table_reader_for_compaction_inputs: 0
2020/12/28-02:59:10.312309 3825f40           Options.random_access_max_buffer_size: 1048576
2020/12/28-02:59:10.312311 3825f40                      Options.use_adaptive_mutex: 0
2020/12/28-02:59:10.312312 3825f40                            Options.rate_limiter: (nil)
2020/12/28-02:59:10.312314 3825f40     Options.sst_file_manager.rate_bytes_per_sec: 0
2020/12/28-02:59:10.312316 3825f40                       Options.wal_recovery_mode: 2
2020/12/28-02:59:10.312318 3825f40                  Options.enable_thread_tracking: 0
2020/12/28-02:59:10.312319 3825f40                  Options.enable_pipelined_write: 0
2020/12/28-02:59:10.312335 3825f40         Options.allow_concurrent_memtable_write: 1
2020/12/28-02:59:10.312337 3825f40      Options.enable_write_thread_adaptive_yield: 1
2020/12/28-02:59:10.312338 3825f40             Options.write_thread_max_yield_usec: 100
2020/12/28-02:59:10.312340 3825f40            Options.write_thread_slow_yield_usec: 3
2020/12/28-02:59:10.312341 3825f40                               Options.row_cache: None
2020/12/28-02:59:10.312343 3825f40                              Options.wal_filter: None
2020/12/28-02:59:10.312345 3825f40             Options.avoid_flush_during_recovery: 0
2020/12/28-02:59:10.312346 3825f40             Options.allow_ingest_behind: 0
2020/12/28-02:59:10.312348 3825f40             Options.preserve_deletes: 0
2020/12/28-02:59:10.312349 3825f40             Options.two_write_queues: 0
2020/12/28-02:59:10.312351 3825f40             Options.manual_wal_flush: 0
2020/12/28-02:59:10.312353 3825f40             Options.max_background_jobs: 2
2020/12/28-02:59:10.312354 3825f40             Options.max_background_compactions: -1
2020/12/28-02:59:10.312356 3825f40             Options.avoid_flush_during_shutdown: 0
2020/12/28-02:59:10.312357 3825f40           Options.writable_file_max_buffer_size: 1048576
2020/12/28-02:59:10.312359 3825f40             Options.delayed_write_rate : 16777216
2020/12/28-02:59:10.312361 3825f40             Options.max_total_wal_size: 0
2020/12/28-02:59:10.312362 3825f40             Options.delete_obsolete_files_period_micros: 21600000000
2020/12/28-02:59:10.312364 3825f40                   Options.stats_dump_period_sec: 600
2020/12/28-02:59:10.312365 3825f40                 Options.stats_persist_period_sec: 600
2020/12/28-02:59:10.312367 3825f40                 Options.stats_history_buffer_size: 1048576
2020/12/28-02:59:10.312369 3825f40                          Options.max_open_files: 200
2020/12/28-02:59:10.312370 3825f40                          Options.bytes_per_sync: 0
2020/12/28-02:59:10.312372 3825f40                      Options.wal_bytes_per_sync: 0
2020/12/28-02:59:10.312373 3825f40       Options.compaction_readahead_size: 0
2020/12/28-02:59:10.312375 3825f40 Compression algorithms supported:
2020/12/28-02:59:10.312377 3825f40 	kZSTDNotFinalCompression supported: 0
2020/12/28-02:59:10.312379 3825f40 	kZSTD supported: 0
2020/12/28-02:59:10.312381 3825f40 	kXpressCompression supported: 0
2020/12/28-02:59:10.312382 3825f40 	kLZ4HCCompression supported: 0
2020/12/28-02:59:10.312384 3825f40 	kLZ4Compression supported: 0
2020/12/28-02:59:10.312385 3825f40 	kBZip2Compression supported: 0
2020/12/28-02:59:10.312387 3825f40 	kZlibCompression supported: 0
2020/12/28-02:59:10.312389 3825f40 	kSnappyCompression supported: 1
2020/12/28-02:59:10.312418 3825f40 Fast CRC32 supported: Supported on x86
2020/12/28-02:59:10.312568 3825f40 [db/version_set.cc:3517] Recovering from manifest file: MANIFEST-000566
2020/12/28-02:59:10.313906 3825f40 [db/column_family.cc:470] --------------- Options for column family [default]:
2020/12/28-02:59:10.313912 3825f40               Options.comparator: leveldb.BytewiseComparator
2020/12/28-02:59:10.313914 3825f40           Options.merge_operator: None
2020/12/28-02:59:10.313916 3825f40        Options.compaction_filter: None
2020/12/28-02:59:10.313917 3825f40        Options.compaction_filter_factory: None
2020/12/28-02:59:10.313919 3825f40         Options.memtable_factory: SkipListFactory
2020/12/28-02:59:10.313921 3825f40            Options.table_factory: BlockBasedTable
2020/12/28-02:59:10.313942 3825f40            table_factory options:   flush_block_policy_factory: FlushBlockBySizePolicyFactory (0x406a5f0)
  cache_index_and_filter_blocks: 0
  cache_index_and_filter_blocks_with_high_priority: 0
  pin_l0_filter_and_index_blocks_in_cache: 0
  pin_top_level_index_and_filter: 1
  index_type: 0
  hash_index_allow_collision: 1
  checksum: 1
  no_block_cache: 0
  block_cache: 0x40c2790
  block_cache_name: LRUCache
  block_cache_options:
    capacity : 8388608
    num_shard_bits : 4
    strict_capacity_limit : 0
    memory_allocator : None
    high_pri_pool_ratio: 0.000
  block_cache_compressed: (nil)
  persistent_cache: (nil)
  block_size: 4096
  block_size_deviation: 10
  block_restart_interval: 16
  index_block_restart_interval: 1
  metadata_block_size: 4096
  partition_filters: 0
  use_delta_encoding: 1
  filter_policy: nullptr
  whole_key_filtering: 1
  verify_compression: 0
  read_amp_bytes_per_bit: 0
  format_version: 2
  enable_index_compression: 1
  block_align: 0
2020/12/28-02:59:10.314003 3825f40        Options.write_buffer_size: 67108864
2020/12/28-02:59:10.314007 3825f40  Options.max_write_buffer_number: 2
2020/12/28-02:59:10.314009 3825f40          Options.compression: Snappy
2020/12/28-02:59:10.314011 3825f40                  Options.bottommost_compression: Disabled
2020/12/28-02:59:10.314012 3825f40       Options.prefix_extractor: nullptr
2020/12/28-02:59:10.314014 3825f40   Options.memtable_insert_with_hint_prefix_extractor: nullptr
2020/12/28-02:59:10.314016 3825f40             Options.num_levels: 7
2020/12/28-02:59:10.314017 3825f40        Options.min_write_buffer_number_to_merge: 1
2020/12/28-02:59:10.314019 3825f40     Options.max_write_buffer_number_to_maintain: 0
2020/12/28-02:59:10.314020 3825f40            Options.bottommost_compression_opts.window_bits: -14
2020/12/28-02:59:10.314022 3825f40                  Options.bottommost_compression_opts.level: 32767
2020/12/28-02:59:10.314024 3825f40               Options.bottommost_compression_opts.strategy: 0
2020/12/28-02:59:10.314026 3825f40         Options.bottommost_compression_opts.max_dict_bytes: 0
2020/12/28-02:59:10.314027 3825f40         Options.bottommost_compression_opts.zstd_max_train_bytes: 0
2020/12/28-02:59:10.314029 3825f40                  Options.bottommost_compression_opts.enabled: false
2020/12/28-02:59:10.314030 3825f40            Options.compression_opts.window_bits: -14
2020/12/28-02:59:10.314032 3825f40                  Options.compression_opts.level: 32767
2020/12/28-02:59:10.314034 3825f40               Options.compression_opts.strategy: 0
2020/12/28-02:59:10.314035 3825f40         Options.compression_opts.max_dict_bytes: 0
2020/12/28-02:59:10.314037 3825f40         Options.compression_opts.zstd_max_train_bytes: 0
2020/12/28-02:59:10.314039 3825f40                  Options.compression_opts.enabled: false
2020/12/28-02:59:10.314040 3825f40      Options.level0_file_num_compaction_trigger: 4
2020/12/28-02:59:10.314042 3825f40          Options.level0_slowdown_writes_trigger: 20
2020/12/28-02:59:10.314044 3825f40              Options.level0_stop_writes_trigger: 36
2020/12/28-02:59:10.314045 3825f40                   Options.target_file_size_base: 67108864
2020/12/28-02:59:10.314059 3825f40             Options.target_file_size_multiplier: 1
2020/12/28-02:59:10.314063 3825f40                Options.max_bytes_for_level_base: 268435456
2020/12/28-02:59:10.314064 3825f40 Options.level_compaction_dynamic_level_bytes: 0
2020/12/28-02:59:10.314066 3825f40          Options.max_bytes_for_level_multiplier: 10.000000
2020/12/28-02:59:10.314069 3825f40 Options.max_bytes_for_level_multiplier_addtl[0]: 1
2020/12/28-02:59:10.314071 3825f40 Options.max_bytes_for_level_multiplier_addtl[1]: 1
2020/12/28-02:59:10.314072 3825f40 Options.max_bytes_for_level_multiplier_addtl[2]: 1
2020/12/28-02:59:10.314074 3825f40 Options.max_bytes_for_level_multiplier_addtl[3]: 1
2020/12/28-02:59:10.314076 3825f40 Options.max_bytes_for_level_multiplier_addtl[4]: 1
2020/12/28-02:59:10.314077 3825f40 Options.max_bytes_for_level_multiplier_addtl[5]: 1
2020/12/28-02:59:10.314079 3825f40 Options.max_bytes_for_level_multiplier_addtl[6]: 1
2020/12/28-02:59:10.314080 3825f40       Options.max_sequential_skip_in_iterations: 8
2020/12/28-02:59:10.314082 3825f40                    Options.max_compaction_bytes: 1677721600
2020/12/28-02:59:10.314084 3825f40                        Options.arena_block_size: 8388608
2020/12/28-02:59:10.314085 3825f40   Options.soft_pending_compaction_bytes_limit: 68719476736
2020/12/28-02:59:10.314087 3825f40   Options.hard_pending_compaction_bytes_limit: 274877906944
2020/12/28-02:59:10.314115 3825f40       Options.rate_limit_delay_max_milliseconds: 100
2020/12/28-02:59:10.314119 3825f40                Options.disable_auto_compactions: 0
2020/12/28-02:59:10.314122 3825f40                        Options.compaction_style: kCompactionStyleLevel
2020/12/28-02:59:10.314124 3825f40                          Options.compaction_pri: kMinOverlappingRatio
2020/12/28-02:59:10.314125 3825f40 Options.compaction_options_universal.size_ratio: 1
2020/12/28-02:59:10.314127 3825f40 Options.compaction_options_universal.min_merge_width: 2
2020/12/28-02:59:10.314128 3825f40 Options.compaction_options_universal.max_merge_width: 4294967295
2020/12/28-02:59:10.314130 3825f40 Options.compaction_options_universal.max_size_amplification_percent: 200
2020/12/28-02:59:10.314132 3825f40 Options.compaction_options_universal.compression_size_percent: -1
2020/12/28-02:59:10.314133 3825f40 Options.compaction_options_universal.stop_style: kCompactionStopStyleTotalSize
2020/12/28-02:59:10.314135 3825f40 Options.compaction_options_fifo.max_table_files_size: 1073741824
2020/12/28-02:59:10.314137 3825f40 Options.compaction_options_fifo.allow_compaction: 0
2020/12/28-02:59:10.314138 3825f40                   Options.table_properties_collectors: 
2020/12/28-02:59:10.314140 3825f40                   Options.inplace_update_support: 0
2020/12/28-02:59:10.314142 3825f40                 Options.inplace_update_num_locks: 10000
2020/12/28-02:59:10.314143 3825f40               Options.memtable_prefix_bloom_size_ratio: 0.000000
2020/12/28-02:59:10.314145 3825f40               Options.memtable_whole_key_filtering: 0
2020/12/28-02:59:10.314147 3825f40   Options.memtable_huge_page_size: 0
2020/12/28-02:59:10.314149 3825f40                           Options.bloom_locality: 0
2020/12/28-02:59:10.314150 3825f40                    Options.max_successive_merges: 0
2020/12/28-02:59:10.314152 3825f40                Options.optimize_filters_for_hits: 0
2020/12/28-02:59:10.314153 3825f40                Options.paranoid_file_checks: 0
2020/12/28-02:59:10.314155 3825f40                Options.force_consistency_checks: 0
2020/12/28-02:59:10.314156 3825f40                Options.report_bg_io_stats: 0
2020/12/28-02:59:10.314158 3825f40                               Options.ttl: 0
2020/12/28-02:59:10.316112 3825f40 [db/version_set.cc:3731] Recovered from manifest file:data//group1/block/RocksDB/MANIFEST-000566 succeeded,manifest_file_number is 566, next_file_number is 568, last_sequence is 11273, log_number is 0,prev_log_number is 0,max_column_family is 0,min_log_number_to_keep is 0
2020/12/28-02:59:10.316118 3825f40 [db/version_set.cc:3739] Column family [default] (ID 0), log number is 565
2020/12/28-02:59:10.316244 3825f40 EVENT_LOG_v1 {"time_micros": 1609124350316241, "job": 1, "event": "recovery_started", "log_files": [567]}
2020/12/28-02:59:10.316248 3825f40 [db/db_impl_open.cc:583] Recovering log #567 mode 2
2020/12/28-02:59:10.316311 3825f40 [db/version_set.cc:3034] Creating manifest 569
2020/12/28-02:59:10.320764 3825f40 EVENT_LOG_v1 {"time_micros": 1609124350320761, "job": 1, "event": "recovery_finished"}
2020/12/28-02:59:10.326930 3825f40 DB pointer 0x4275200
2020/12/28-02:59:10.327130 7f9066bc5700 [db/db_impl.cc:776] ------- DUMPING STATS -------
2020/12/28-02:59:10.327152 7f9066bc5700 [db/db_impl.cc:777] 
** DB Stats **
Uptime(secs): 0.0 total, 0.0 interval
Cumulative writes: 0 writes, 0 keys, 0 commit groups, 0.0 writes per commit group, ingest: 0.00 GB, 0.00 MB/s
Cumulative WAL: 0 writes, 0 syncs, 0.00 writes per sync, written: 0.00 GB, 0.00 MB/s
Cumulative stall: 00:00:0.000 H:M:S, 0.0 percent
Interval writes: 0 writes, 0 keys, 0 commit groups, 0.0 writes per commit group, ingest: 0.00 MB, 0.00 MB/s
Interval WAL: 0 writes, 0 syncs, 0.00 writes per sync, written: 0.00 MB, 0.00 MB/s
Interval stall: 00:00:0.000 H:M:S, 0.0 percent

** Compaction Stats [default] **
Level    Files   Size     Score Read(GB)  Rn(GB) Rnp1(GB) Write(GB) Wnew(GB) Moved(GB) W-Amp Rd(MB/s) Wr(MB/s) Comp(sec) CompMergeCPU(sec) Comp(cnt) Avg(sec) KeyIn KeyDrop
----------------------------------------------------------------------------------------------------------------------------------------------------------------------------
  L0      1/0   132.40 KB   0.2      0.0     0.0      0.0       0.0      0.0       0.0   0.0      0.0      0.0      0.00              0.00         0    0.000       0      0
  L1      1/0    2.15 MB   0.0      0.0     0.0      0.0       0.0      0.0       0.0   0.0      0.0      0.0      0.00              0.00         0    0.000       0      0
 Sum      2/0    2.28 MB   0.0      0.0     0.0      0.0       0.0      0.0       0.0   0.0      0.0      0.0      0.00              0.00         0    0.000       0      0
 Int      0/0    0.00 KB   0.0      0.0     0.0      0.0       0.0      0.0       0.0   0.0      0.0      0.0      0.00              0.00         0    0.000       0      0
Uptime(secs): 0.0 total, 0.0 interval
Flush(GB): cumulative 0.000, interval 0.000
AddFile(GB): cumulative 0.000, interval 0.000
AddFile(Total Files): cumulative 0, interval 0
AddFile(L0 Files): cumulative 0, interval 0
AddFile(Keys): cumulative 0, interval 0
Cumulative compaction: 0.00 GB write, 0.00 MB/s write, 0.00 GB read, 0.00 MB/s read, 0.0 seconds
Interval compaction: 0.00 GB write, 0.00 MB/s write, 0.00 GB read, 0.00 MB/s read, 0.0 seconds
Stalls(count): 0 level0_slowdown, 0 level0_slowdown_with_compaction, 0 level0_numfiles, 0 level0_numfiles_with_compaction, 0 stop for pending_compaction_bytes, 0 slowdown for pending_compaction_bytes, 0 memtable_compaction, 0 memtable_slowdown, interval 0 total count

** File Read Latency Histogram By Level [default] **

** Compaction Stats [default] **
Level    Files   Size     Score Read(GB)  Rn(GB) Rnp1(GB) Write(GB) Wnew(GB) Moved(GB) W-Amp Rd(MB/s) Wr(MB/s) Comp(sec) CompMergeCPU(sec) Comp(cnt) Avg(sec) KeyIn KeyDrop
----------------------------------------------------------------------------------------------------------------------------------------------------------------------------
  L0      1/0   132.40 KB   0.2      0.0     0.0      0.0       0.0      0.0       0.0   0.0      0.0      0.0      0.00              0.00         0    0.000       0      0
  L1      1/0    2.15 MB   0.0      0.0     0.0      0.0       0.0      0.0       0.0   0.0      0.0      0.0      0.00              0.00         0    0.000       0      0
 Sum      2/0    2.28 MB   0.0      0.0     0.0      0.0       0.0      0.0       0.0   0.0      0.0      0.0      0.00              0.00         0    0.000       0      0
 Int      0/0    0.00 KB   0.0      0.0     0.0      0.0       0.0      0.0       0.0   0.0      0.0      0.0      0.00              0.00         0    0.000       0      0
Uptime(secs): 0.0 total, 0.0 interval
Flush(GB): cumulative 0.000, interval 0.000
AddFile(GB): cumulative 0.000, interval 0.000
AddFile(Total Files): cumulative 0, interval 0
AddFile(L0 Files): cumulative 0, interval 0
AddFile(Keys): cumulative 0, interval 0
Cumulative compaction: 0.00 GB write, 0.00 MB/s write, 0.00 GB read, 0.00 MB/s read, 0.0 seconds
Interval compaction: 0.00 GB write, 0.00 MB/s write, 0.00 GB read, 0.00 MB/s read, 0.0 seconds
Stalls(count): 0 level0_slowdown, 0 level0_slowdow