2020/12/28-02:59:10.490693 2e2af40 RocksDB version: 6.0.2
2020/12/28-02:59:10.490728 2e2af40 Git sha rocksdb_build_git_sha:@0@
2020/12/28-02:59:10.490731 2e2af40 Compile date Aug 14 2020
2020/12/28-02:59:10.490733 2e2af40 DB SUMMARY
2020/12/28-02:59:10.490855 2e2af40 CURRENT file:  CURRENT
2020/12/28-02:59:10.490859 2e2af40 IDENTITY file:  IDENTITY
2020/12/28-02:59:10.490868 2e2af40 MANIFEST file:  MANIFEST-000569 size: 262 Bytes
2020/12/28-02:59:10.490870 2e2af40 SST files in data//group1/block/RocksDB dir, Total Num: 2, files: 000564.sst 000568.sst 
2020/12/28-02:59:10.490873 2e2af40 Write Ahead Log file in data//group1/block/RocksDB: 000570.log size: 0 ; 
2020/12/28-02:59:10.490880 2e2af40                         Options.error_if_exists: 0
2020/12/28-02:59:10.490883 2e2af40                       Options.create_if_missing: 1
2020/12/28-02:59:10.490884 2e2af40                         Options.paranoid_checks: 1
2020/12/28-02:59:10.490886 2e2af40                                     Options.env: 0x21d3400
2020/12/28-02:59:10.490888 2e2af40                                Options.info_log: 0x38899f0
2020/12/28-02:59:10.490890 2e2af40                Options.max_file_opening_threads: 16
2020/12/28-02:59:10.490892 2e2af40                              Options.statistics: (nil)
2020/12/28-02:59:10.490894 2e2af40                               Options.use_fsync: 0
2020/12/28-02:59:10.490896 2e2af40                       Options.max_log_file_size: 0
2020/12/28-02:59:10.490898 2e2af40                  Options.max_manifest_file_size: 1073741824
2020/12/28-02:59:10.490900 2e2af40                   Options.log_file_time_to_roll: 0
2020/12/28-02:59:10.490902 2e2af40                       Options.keep_log_file_num: 1000
2020/12/28-02:59:10.490904 2e2af40                    Options.recycle_log_file_num: 0
2020/12/28-02:59:10.490906 2e2af40                         Options.allow_fallocate: 1
2020/12/28-02:59:10.490907 2e2af40                        Options.allow_mmap_reads: 0
2020/12/28-02:59:10.490909 2e2af40                       Options.allow_mmap_writes: 0
2020/12/28-02:59:10.490911 2e2af40                        Options.use_direct_reads: 0
2020/12/28-02:59:10.490913 2e2af40                        Options.use_direct_io_for_flush_and_compaction: 0
2020/12/28-02:59:10.490915 2e2af40          Options.create_missing_column_families: 0
2020/12/28-02:59:10.490917 2e2af40                              Options.db_log_dir: 
2020/12/28-02:59:10.490919 2e2af40                                 Options.wal_dir: data//group1/block/RocksDB
2020/12/28-02:59:10.490921 2e2af40                Options.table_cache_numshardbits: 6
2020/12/28-02:59:10.490923 2e2af40                      Options.max_subcompactions: 1
2020/12/28-02:59:10.490925 2e2af40                  Options.max_background_flushes: -1
2020/12/28-02:59:10.490927 2e2af40                         Options.WAL_ttl_seconds: 0
2020/12/28-02:59:10.490929 2e2af40                       Options.WAL_size_limit_MB: 0
2020/12/28-02:59:10.490931 2e2af40             Options.manifest_preallocation_size: 4194304
2020/12/28-02:59:10.490933 2e2af40                     Options.is_fd_close_on_exec: 1
2020/12/28-02:59:10.490935 2e2af40                   Options.advise_random_on_open: 1
2020/12/28-02:59:10.490937 2e2af40                    Options.db_write_buffer_size: 0
2020/12/28-02:59:10.490939 2e2af40                    Options.write_buffer_manager: 0x36c9f80
2020/12/28-02:59:10.490941 2e2af40         Options.access_hint_on_compaction_start: 1
2020/12/28-02:59:10.490943 2e2af40  Options.new_table_reader_for_compaction_inputs: 0
2020/12/28-02:59:10.490945 2e2af40           Options.random_access_max_buffer_size: 1048576
2020/12/28-02:59:10.490948 2e2af40                      Options.use_adaptive_mutex: 0
2020/12/28-02:59:10.490949 2e2af40                            Options.rate_limiter: (nil)
2020/12/28-02:59:10.490951 2e2af40     Options.sst_file_manager.rate_bytes_per_sec: 0
2020/12/28-02:59:10.490953 2e2af40                       Options.wal_recovery_mode: 2
2020/12/28-02:59:10.490955 2e2af40                  Options.enable_thread_tracking: 0
2020/12/28-02:59:10.490956 2e2af40                  Options.enable_pipelined_write: 0
2020/12/28-02:59:10.490968 2e2af40         Options.allow_concurrent_memtable_write: 1
2020/12/28-02:59:10.490970 2e2af40      Options.enable_write_thread_adaptive_yield: 1
2020/12/28-02:59:10.490972 2e2af40             Options.write_thread_max_yield_usec: 100
2020/12/28-02:59:10.490973 2e2af40            Options.write_thread_slow_yield_usec: 3
2020/12/28-02:59:10.490975 2e2af40                               Options.row_cache: None
2020/12/28-02:59:10.490976 2e2af40                              Options.wal_filter: None
2020/12/28-02:59:10.490978 2e2af40             Options.avoid_flush_during_recovery: 0
2020/12/28-02:59:10.490980 2e2af40             Options.allow_ingest_behind: 0
2020/12/28-02:59:10.490981 2e2af40             Options.preserve_deletes: 0
2020/12/28-02:59:10.490983 2e2af40             Options.two_write_queues: 0
2020/12/28-02:59:10.490985 2e2af40             Options.manual_wal_flush: 0
2020/12/28-02:59:10.490986 2e2af40             Options.max_background_jobs: 2
2020/12/28-02:59:10.490991 2e2af40             Options.max_background_compactions: -1
2020/12/28-02:59:10.490994 2e2af40             Options.avoid_flush_during_shutdown: 0
2020/12/28-02:59:10.490995 2e2af40           Options.writable_file_max_buffer_size: 1048576
2020/12/28-02:59:10.490997 2e2af40             Options.delayed_write_rate : 16777216
2020/12/28-02:59:10.490999 2e2af40             Options.max_total_wal_size: 0
2020/12/28-02:59:10.491000 2e2af40             Options.delete_obsolete_files_period_micros: 21600000000
2020/12/28-02:59:10.491002 2e2af40                   Options.stats_dump_period_sec: 600
2020/12/28-02:59:10.491004 2e2af40                 Options.stats_persist_period_sec: 600
2020/12/28-02:59:10.491005 2e2af40                 Options.stats_history_buffer_size: 1048576
2020/12/28-02:59:10.491007 2e2af40                          Options.max_open_files: 200
2020/12/28-02:59:10.491010 2e2af40                          Options.bytes_per_sync: 0
2020/12/28-02:59:10.491013 2e2af40                      Options.wal_bytes_per_sync: 0
2020/12/28-02:59:10.491015 2e2af40       Options.compaction_readahead_size: 0
2020/12/28-02:59:10.491016 2e2af40 Compression algorithms supported:
2020/12/28-02:59:10.491018 2e2af40 	kZSTDNotFinalCompression supported: 0
2020/12/28-02:59:10.491020 2e2af40 	kZSTD supported: 0
2020/12/28-02:59:10.491022 2e2af40 	kXpressCompression supported: 0
2020/12/28-02:59:10.491024 2e2af40 	kLZ4HCCompression supported: 0
2020/12/28-02:59:10.491025 2e2af40 	kLZ4Compression supported: 0
2020/12/28-02:59:10.491027 2e2af40 	kBZip2Compression supported: 0
2020/12/28-02:59:10.491028 2e2af40 	kZlibCompression supported: 0
2020/12/28-02:59:10.491032 2e2af40 	kSnappyCompression supported: 1
2020/12/28-02:59:10.491037 2e2af40 Fast CRC32 supported: Supported on x86
2020/12/28-02:59:10.491173 2e2af40 [db/version_set.cc:3517] Recovering from manifest file: MANIFEST-000569
2020/12/28-02:59:10.491875 2e2af40 [db/column_family.cc:470] --------------- Options for column family [default]:
2020/12/28-02:59:10.491880 2e2af40               Options.comparator: leveldb.BytewiseComparator
2020/12/28-02:59:10.491882 2e2af40           Options.merge_operator: None
2020/12/28-02:59:10.491883 2e2af40        Options.compaction_filter: None
2020/12/28-02:59:10.491885 2e2af40        Options.compaction_filter_factory: None
2020/12/28-02:59:10.491887 2e2af40         Options.memtable_factory: SkipListFactory
2020/12/28-02:59:10.491890 2e2af40            Options.table_factory: BlockBasedTable
2020/12/28-02:59:10.491915 2e2af40            table_factory options:   flush_block_policy_factory: FlushBlockBySizePolicyFactory (0x366e5f0)
  cache_index_and_filter_blocks: 0
  cache_index_and_filter_blocks_with_high_priority: 0
  pin_l0_filter_and_index_blocks_in_cache: 0
  pin_top_level_index_and_filter: 1
  index_type: 0
  hash_index_allow_collision: 1
  checksum: 1
  no_block_cache: 0
  block_cache: 0x36c6790
  block_cache_name: LRUCache
  block_cache_options:
    capacity : 8388608
    num_shard_bits : 4
    strict_capacity_limit : 0
    memory_allocator : None
    high_pri_pool_ratio: 0.000
  block_cache_compressed: (nil)
  persistent_cache: (nil)
  block_size: 4096
  block_size_deviation: 10
  block_restart_interval: 16
  index_block_restart_interval: 1
  metadata_block_size: 4096
  partition_filters: 0
  use_delta_encoding: 1
  filter_policy: nullptr
  whole_key_filtering: 1
  verify_compression: 0
  read_amp_bytes_per_bit: 0
  format_version: 2
  enable_index_compression: 1
  block_align: 0
2020/12/28-02:59:10.491940 2e2af40        Options.write_buffer_size: 67108864
2020/12/28-02:59:10.491943 2e2af40  Options.max_write_buffer_number: 2
2020/12/28-02:59:10.491944 2e2af40          Options.compression: Snappy
2020/12/28-02:59:10.491946 2e2af40                  Options.bottommost_compression: Disabled
2020/12/28-02:59:10.491948 2e2af40       Options.prefix_extractor: nullptr
2020/12/28-02:59:10.491950 2e2af40   Options.memtable_insert_with_hint_prefix_extractor: nullptr
2020/12/28-02:59:10.491954 2e2af40             Options.num_levels: 7
2020/12/28-02:59:10.491955 2e2af40        Options.min_write_buffer_number_to_merge: 1
2020/12/28-02:59:10.491957 2e2af40     Options.max_write_buffer_number_to_maintain: 0
2020/12/28-02:59:10.491959 2e2af40            Options.bottommost_compression_opts.window_bits: -14
2020/12/28-02:59:10.491960 2e2af40                  Options.bottommost_compression_opts.level: 32767
2020/12/28-02:59:10.491962 2e2af40               Options.bottommost_compression_opts.strategy: 0
2020/12/28-02:59:10.491964 2e2af40         Options.bottommost_compression_opts.max_dict_bytes: 0
2020/12/28-02:59:10.491965 2e2af40         Options.bottommost_compression_opts.zstd_max_train_bytes: 0
2020/12/28-02:59:10.491970 2e2af40                  Options.bottommost_compression_opts.enabled: false
2020/12/28-02:59:10.491972 2e2af40            Options.compression_opts.window_bits: -14
2020/12/28-02:59:10.491973 2e2af40                  Options.compression_opts.level: 32767
2020/12/28-02:59:10.491975 2e2af40               Options.compression_opts.strategy: 0
2020/12/28-02:59:10.491977 2e2af40         Options.compression_opts.max_dict_bytes: 0
2020/12/28-02:59:10.491978 2e2af40         Options.compression_opts.zstd_max_train_bytes: 0
2020/12/28-02:59:10.491980 2e2af40                  Options.compression_opts.enabled: false
2020/12/28-02:59:10.491981 2e2af40      Options.level0_file_num_compaction_trigger: 4
2020/12/28-02:59:10.491985 2e2af40          Options.level0_slowdown_writes_trigger: 20
2020/12/28-02:59:10.491987 2e2af40              Options.level0_stop_writes_trigger: 36
2020/12/28-02:59:10.491989 2e2af40                   Options.target_file_size_base: 67108864
2020/12/28-02:59:10.491990 2e2af40             Options.target_file_size_multiplier: 1
2020/12/28-02:59:10.491992 2e2af40                Options.max_bytes_for_level_base: 268435456
2020/12/28-02:59:10.491994 2e2af40 Options.level_compaction_dynamic_level_bytes: 0
2020/12/28-02:59:10.491995 2e2af40          Options.max_bytes_for_level_multiplier: 10.000000
2020/12/28-02:59:10.492000 2e2af40 Options.max_bytes_for_level_multiplier_addtl[0]: 1
2020/12/28-02:59:10.492002 2e2af40 Options.max_bytes_for_level_multiplier_addtl[1]: 1
2020/12/28-02:59:10.492004 2e2af40 Options.max_bytes_for_level_multiplier_addtl[2]: 1
2020/12/28-02:59:10.492005 2e2af40 Options.max_bytes_for_level_multiplier_addtl[3]: 1
2020/12/28-02:59:10.492007 2e2af40 Options.max_bytes_for_level_multiplier_addtl[4]: 1
2020/12/28-02:59:10.492009 2e2af40 Options.max_bytes_for_level_multiplier_addtl[5]: 1
2020/12/28-02:59:10.492010 2e2af40 Options.max_bytes_for_level_multiplier_addtl[6]: 1
2020/12/28-02:59:10.492012 2e2af40       Options.max_sequential_skip_in_iterations: 8
2020/12/28-02:59:10.492015 2e2af40                    Options.max_compaction_bytes: 1677721600
2020/12/28-02:59:10.492018 2e2af40                        Options.arena_block_size: 8388608
2020/12/28-02:59:10.492019 2e2af40   Options.soft_pending_compaction_bytes_limit: 68719476736
2020/12/28-02:59:10.492021 2e2af40   Options.hard_pending_compaction_bytes_limit: 274877906944
2020/12/28-02:59:10.492030 2e2af40       Options.rate_limit_delay_max_milliseconds: 100
2020/12/28-02:59:10.492032 2e2af40                Options.disable_auto_compactions: 0
2020/12/28-02:59:10.492035 2e2af40                        Options.compaction_style: kCompactionStyleLevel
2020/12/28-02:59:10.492037 2e2af40                          Options.compaction_pri: kMinOverlappingRatio
2020/12/28-02:59:10.492038 2e2af40 Options.compaction_options_universal.size_ratio: 1
2020/12/28-02:59:10.492040 2e2af40 Options.compaction_options_universal.min_merge_width: 2
2020/12/28-02:59:10.492042 2e2af40 Options.compaction_options_universal.max_merge_width: 4294967295
2020/12/28-02:59:10.492045 2e2af40 Options.compaction_options_universal.max_size_amplification_percent: 200
2020/12/28-02:59:10.492047 2e2af40 Options.compaction_options_universal.compression_size_percent: -1
2020/12/28-02:59:10.492049 2e2af40 Options.compaction_options_universal.stop_style: kCompactionStopStyleTotalSize
2020/12/28-02:59:10.492051 2e2af40 Options.compaction_options_fifo.max_table_files_size: 1073741824
2020/12/28-02:59:10.492053 2e2af40 Options.compaction_options_fifo.allow_compaction: 0
2020/12/28-02:59:10.492054 2e2af40                   Options.table_properties_collectors: 
2020/12/28-02:59:10.492056 2e2af40                   Options.inplace_update_support: 0
2020/12/28-02:59:10.492059 2e2af40                 Options.inplace_update_num_locks: 10000
2020/12/28-02:59:10.492062 2e2af40               Options.memtable_prefix_bloom_size_ratio: 0.000000
2020/12/28-02:59:10.492064 2e2af40               Options.memtable_whole_key_filtering: 0
2020/12/28-02:59:10.492065 2e2af40   Options.memtable_huge_page_size: 0
2020/12/28-02:59:10.492067 2e2af40                           Options.bloom_locality: 0
2020/12/28-02:59:10.492069 2e2af40                    Options.max_successive_merges: 0
2020/12/28-02:59:10.492070 2e2af40                Options.optimize_filters_for_hits: 0
2020/12/28-02:59:10.492072 2e2af40                Options.paranoid_file_checks: 0
2020/12/28-02:59:10.492075 2e2af40                Options.force_consistency_checks: 0
2020/12/28-02:59:10.492078 2e2af40                Options.report_bg_io_stats: 0
2020/12/28-02:59:10.492079 2e2af40                               Options.ttl: 0
2020/12/28-02:59:10.498705 2e2af40 [db/version_set.cc:3731] Recovered from manifest file:data//group1/block/RocksDB/MANIFEST-000569 succeeded,manifest_file_number is 569, next_file_number is 571, last_sequence is 11273, log_number is 0,prev_log_number is 0,max_column_family is 0,min_log_number_to_keep is 0
2020/12/28-02:59:10.498714 2e2af40 [db/version_set.cc:3739] Column family [default] (ID 0), log number is 568
2020/12/28-02:59:10.498854 2e2af40 EVENT_LOG_v1 {"time_micros": 1609124350498848, "job": 1, "event": "recovery_started", "log_files": [570]}
2020/12/28-02:59:10.498863 2e2af40 [db/db_impl_open.cc:583] Recovering log #570 mode 2
2020/12/28-02:59:10.498952 2e2af40 [db/version_set.cc:3034] Creating manifest 572
2020/12/28-02:59:10.505675 2e2af40 EVENT_LOG_v1 {"time_micros": 1609124350505671, "job": 1, "event": "recovery_finished"}
2020/12/28-02:59:10.534066 2e2af40 DB pointer 0x3879200
2020/12/28-02:59:10.534325 7f84f81b6700 [db/db_impl.cc:776] ------- DUMPING STATS -------
2020/12/28-02:59:10.534345 7f84f81b6700 [db/db_impl.cc:777] 
** DB Stats **
Uptime(secs): 0.0 total, 0.0 interval
Cumulative writes: 0 writes, 0 keys, 0 commit groups, 0.0 writes per commit group, ingest: 0.00 GB, 0.00 MB/s
Cumulative WAL: 0 writes, 0 syncs, 0.00 writes per sync, written: 0.00 GB, 0.00 MB/s
Cumulative stall: 00:00:0.000 H:M:S, 0.0 percent
Interval writes: 0 writes, 0 keys, 0 commit groups, 0.0 writes per commit group, ingest: 0.00 MB, 0.00 MB/s
Interval WAL: 0 writes, 0 syncs, 0.00 writes per sync, written: 0.00 MB, 0.00 MB/s
Interval stall: 00:00:0.000 H:M:S, 0.0 percent

** Compaction Stats [default] **
Level    Files   Size     Score Read(GB)  Rn(GB) Rnp1(GB) Write(GB) Wnew(GB) Moved(GB) W-Amp Rd(MB/s) Wr(MB/s) Comp(sec) CompMergeCPU(sec) Comp(cnt) Avg(sec) KeyIn KeyDrop
----------------------------------------------------------------------------------------------------------------------------------------------------------------------------
  L0      1/0   132.39 KB   0.2      0.0     0.0      0.0       0.0      0.0       0.0   0.0      0.0      0.0      0.00              0.00         0    0.000       0      0
  L1      1/0    2.15 MB   0.0      0.0     0.0      0.0       0.0      0.0       0.0   0.0      0.0      0.0      0.00              0.00         0    0.000       0      0
 Sum      2/0    2.28 MB   0.0      0.0     0.0      0.0       0.0      0.0       0.0   0.0      0.0      0.0      0.00              0.00         0    0.000       0      0
 Int      0/0    0.00 KB   0.0      0.0     0.0      0.0       0.0      0.0       0.0   0.0      0.0      0.0      0.00              0.00         0    0.000       0      0
Uptime(secs): 0.0 total, 0.0 interval
Flush(GB): cumulative 0.000, interval 0.000
AddFile(GB): cumulative 0.000, interval 0.000
AddFile(Total Files): cumulative 0, interval 0
AddFile(L0 Files): cumulative 0, interval 0
AddFile(Keys): cumulative 0, interval 0
Cumulative compaction: 0.00 GB write, 0.00 MB/s write, 0.00 GB read, 0.00 MB/s read, 0.0 seconds
Interval compaction: 0.00 GB write, 0.00 MB/s write, 0.00 GB read, 0.00 MB/s read, 0.0 seconds
Stalls(count): 0 level0_slowdown, 0 level0_slowdown_with_compaction, 0 level0_numfiles, 0 level0_numfiles_with_compaction, 0 stop for pending_compaction_bytes, 0 slowdown for pending_compaction_bytes, 0 memtable_compaction, 0 memtable_slowdown, interval 0 total count

** File Read Latency Histogram By Level [default] **

** Compaction Stats [default] **
Level    Files   Size     Score Read(GB)  Rn(GB) Rnp1(GB) Write(GB) Wnew(GB) Moved(GB) W-Amp Rd(MB/s) Wr(MB/s) Comp(sec) CompMergeCPU(sec) Comp(cnt) Avg(sec) KeyIn KeyDrop
----------------------------------------------------------------------------------------------------------------------------------------------------------------------------
  L0      1/0   132.39 KB   0.2      0.0     0.0      0.0       0.0      0.0       0.0   0.0      0.0      0.0      0.00              0.00         0    0.000       0      0
  L1      1/0    2.15 MB   0.0      0.0     0.0      0.0       0.0      0.0       0.0   0.0      0.0      0.0      0.00              0.00         0    0.000       0      0
 Sum      2/0    2.28 MB   0.0      0.0     0.0      0.0       0.0      0.0       0.0   0.0      0.0      0.0      0.00              0.00         0    0.000       0      0
 Int      0/0    0.00 KB   0.0      0.0     0.0      0.0       0.0      0.0       0.0   0.0      0.0      0.0      0.00              0.00         0    0.000       0      0
Uptime(secs): 0.0 total, 0.0 interval
Flush(GB): cumulative 0.000, interval 0.000
AddFile(GB): cumulative 0.000, interval 0.000
AddFile(Total Files): cumulative 0, interval 0
AddFile(L0 Files): cumulative 0, interval 0
AddFile(Keys): cumulative 0, interval 0
Cumulative compaction: 0.00 GB write, 0.00 MB/s write, 0.00 GB read, 0.00 MB/s read, 0.0 seconds
Interval compaction: 0.00 GB write, 0.00 MB/s write, 0.00 GB read, 0.00 MB/s read, 0.0 seconds
Stalls(count): 0 level0_slowdown, 0 level0_slowdow