2020/12/28-02:59:10.608706 2e2af40 RocksDB version: 6.0.2
2020/12/28-02:59:10.608742 2e2af40 Git sha rocksdb_build_git_sha:@0@
2020/12/28-02:59:10.608745 2e2af40 Compile date Aug 14 2020
2020/12/28-02:59:10.608747 2e2af40 DB SUMMARY
2020/12/28-02:59:10.608843 2e2af40 CURRENT file:  CURRENT
2020/12/28-02:59:10.608845 2e2af40 IDENTITY file:  IDENTITY
2020/12/28-02:59:10.608851 2e2af40 MANIFEST file:  MANIFEST-000568 size: 370 Bytes
2020/12/28-02:59:10.608853 2e2af40 SST files in data//group1/pbftMsgBackup/RocksDB dir, Total Num: 1, files: 000572.sst 
2020/12/28-02:59:10.608855 2e2af40 Write Ahead Log file in data//group1/pbftMsgBackup/RocksDB: 000569.log size: 0 ; 
2020/12/28-02:59:10.608861 2e2af40                         Options.error_if_exists: 0
2020/12/28-02:59:10.608863 2e2af40                       Options.create_if_missing: 1
2020/12/28-02:59:10.608865 2e2af40                         Options.paranoid_checks: 1
2020/12/28-02:59:10.608866 2e2af40                                     Options.env: 0x21d3400
2020/12/28-02:59:10.608868 2e2af40                                Options.info_log: 0x3b7e4b0
2020/12/28-02:59:10.608869 2e2af40                Options.max_file_opening_threads: 16
2020/12/28-02:59:10.608871 2e2af40                              Options.statistics: (nil)
2020/12/28-02:59:10.608873 2e2af40                               Options.use_fsync: 0
2020/12/28-02:59:10.608874 2e2af40                       Options.max_log_file_size: 0
2020/12/28-02:59:10.608876 2e2af40                  Options.max_manifest_file_size: 1073741824
2020/12/28-02:59:10.608878 2e2af40                   Options.log_file_time_to_roll: 0
2020/12/28-02:59:10.608879 2e2af40                       Options.keep_log_file_num: 1000
2020/12/28-02:59:10.608881 2e2af40                    Options.recycle_log_file_num: 0
2020/12/28-02:59:10.608883 2e2af40                         Options.allow_fallocate: 1
2020/12/28-02:59:10.608884 2e2af40                        Options.allow_mmap_reads: 0
2020/12/28-02:59:10.608886 2e2af40                       Options.allow_mmap_writes: 0
2020/12/28-02:59:10.608887 2e2af40                        Options.use_direct_reads: 0
2020/12/28-02:59:10.608889 2e2af40                        Options.use_direct_io_for_flush_and_compaction: 0
2020/12/28-02:59:10.608891 2e2af40          Options.create_missing_column_families: 0
2020/12/28-02:59:10.608892 2e2af40                              Options.db_log_dir: 
2020/12/28-02:59:10.608894 2e2af40                                 Options.wal_dir: data//group1/pbftMsgBackup/RocksDB
2020/12/28-02:59:10.608895 2e2af40                Options.table_cache_numshardbits: 6
2020/12/28-02:59:10.608897 2e2af40                      Options.max_subcompactions: 1
2020/12/28-02:59:10.608899 2e2af40                  Options.max_background_flushes: -1
2020/12/28-02:59:10.608900 2e2af40                         Options.WAL_ttl_seconds: 0
2020/12/28-02:59:10.608902 2e2af40                       Options.WAL_size_limit_MB: 0
2020/12/28-02:59:10.608904 2e2af40             Options.manifest_preallocation_size: 4194304
2020/12/28-02:59:10.608905 2e2af40                     Options.is_fd_close_on_exec: 1
2020/12/28-02:59:10.608907 2e2af40                   Options.advise_random_on_open: 1
2020/12/28-02:59:10.608908 2e2af40                    Options.db_write_buffer_size: 0
2020/12/28-02:59:10.608910 2e2af40                    Options.write_buffer_manager: 0x39945a0
2020/12/28-02:59:10.608912 2e2af40         Options.access_hint_on_compaction_start: 1
2020/12/28-02:59:10.608913 2e2af40  Options.new_table_reader_for_compaction_inputs: 0
2020/12/28-02:59:10.608915 2e2af40           Options.random_access_max_buffer_size: 1048576
2020/12/28-02:59:10.608917 2e2af40                      Options.use_adaptive_mutex: 0
2020/12/28-02:59:10.608918 2e2af40                            Options.rate_limiter: (nil)
2020/12/28-02:59:10.608920 2e2af40     Options.sst_file_manager.rate_bytes_per_sec: 0
2020/12/28-02:59:10.608922 2e2af40                       Options.wal_recovery_mode: 2
2020/12/28-02:59:10.608923 2e2af40                  Options.enable_thread_tracking: 0
2020/12/28-02:59:10.608925 2e2af40                  Options.enable_pipelined_write: 0
2020/12/28-02:59:10.608931 2e2af40         Options.allow_concurrent_memtable_write: 1
2020/12/28-02:59:10.608933 2e2af40      Options.enable_write_thread_adaptive_yield: 1
2020/12/28-02:59:10.608935 2e2af40             Options.write_thread_max_yield_usec: 100
2020/12/28-02:59:10.608963 2e2af40            Options.write_thread_slow_yield_usec: 3
2020/12/28-02:59:10.608967 2e2af40                               Options.row_cache: None
2020/12/28-02:59:10.608968 2e2af40                              Options.wal_filter: None
2020/12/28-02:59:10.608970 2e2af40             Options.avoid_flush_during_recovery: 0
2020/12/28-02:59:10.608972 2e2af40             Options.allow_ingest_behind: 0
2020/12/28-02:59:10.608973 2e2af40             Options.preserve_deletes: 0
2020/12/28-02:59:10.608975 2e2af40             Options.two_write_queues: 0
2020/12/28-02:59:10.608976 2e2af40             Options.manual_wal_flush: 0
2020/12/28-02:59:10.608978 2e2af40             Options.max_background_jobs: 2
2020/12/28-02:59:10.608979 2e2af40             Options.max_background_compactions: -1
2020/12/28-02:59:10.608981 2e2af40             Options.avoid_flush_during_shutdown: 0
2020/12/28-02:59:10.608983 2e2af40           Options.writable_file_max_buffer_size: 1048576
2020/12/28-02:59:10.608984 2e2af40             Options.delayed_write_rate : 16777216
2020/12/28-02:59:10.608986 2e2af40             Options.max_total_wal_size: 0
2020/12/28-02:59:10.608988 2e2af40             Options.delete_obsolete_files_period_micros: 21600000000
2020/12/28-02:59:10.608989 2e2af40                   Options.stats_dump_period_sec: 600
2020/12/28-02:59:10.608991 2e2af40                 Options.stats_persist_period_sec: 600
2020/12/28-02:59:10.608993 2e2af40                 Options.stats_history_buffer_size: 1048576
2020/12/28-02:59:10.608994 2e2af40                          Options.max_open_files: 200
2020/12/28-02:59:10.608996 2e2af40                          Options.bytes_per_sync: 0
2020/12/28-02:59:10.608997 2e2af40                      Options.wal_bytes_per_sync: 0
2020/12/28-02:59:10.608999 2e2af40       Options.compaction_readahead_size: 0
2020/12/28-02:59:10.609001 2e2af40 Compression algorithms supported:
2020/12/28-02:59:10.609003 2e2af40 	kZSTDNotFinalCompression supported: 0
2020/12/28-02:59:10.609004 2e2af40 	kZSTD supported: 0
2020/12/28-02:59:10.609006 2e2af40 	kXpressCompression supported: 0
2020/12/28-02:59:10.609008 2e2af40 	kLZ4HCCompression supported: 0
2020/12/28-02:59:10.609009 2e2af40 	kLZ4Compression supported: 0
2020/12/28-02:59:10.609011 2e2af40 	kBZip2Compression supported: 0
2020/12/28-02:59:10.609013 2e2af40 	kZlibCompression supported: 0
2020/12/28-02:59:10.609014 2e2af40 	kSnappyCompression supported: 1
2020/12/28-02:59:10.609018 2e2af40 Fast CRC32 supported: Supported on x86
2020/12/28-02:59:10.609131 2e2af40 [db/version_set.cc:3517] Recovering from manifest file: MANIFEST-000568
2020/12/28-02:59:10.609171 2e2af40 [db/column_family.cc:470] --------------- Options for column family [default]:
2020/12/28-02:59:10.609173 2e2af40               Options.comparator: leveldb.BytewiseComparator
2020/12/28-02:59:10.609174 2e2af40           Options.merge_operator: None
2020/12/28-02:59:10.609176 2e2af40        Options.compaction_filter: None
2020/12/28-02:59:10.609177 2e2af40        Options.compaction_filter_factory: None
2020/12/28-02:59:10.609179 2e2af40         Options.memtable_factory: SkipListFactory
2020/12/28-02:59:10.609181 2e2af40            Options.table_factory: BlockBasedTable
2020/12/28-02:59:10.609199 2e2af40            table_factory options:   flush_block_policy_factory: FlushBlockBySizePolicyFactory (0x366f258)
  cache_index_and_filter_blocks: 0
  cache_index_and_filter_blocks_with_high_priority: 0
  pin_l0_filter_and_index_blocks_in_cache: 0
  pin_top_level_index_and_filter: 1
  index_type: 0
  hash_index_allow_collision: 1
  checksum: 1
  no_block_cache: 0
  block_cache: 0x3991f90
  block_cache_name: LRUCache
  block_cache_options:
    capacity : 8388608
    num_shard_bits : 4
    strict_capacity_limit : 0
    memory_allocator : None
    high_pri_pool_ratio: 0.000
  block_cache_compressed: (nil)
  persistent_cache: (nil)
  block_size: 4096
  block_size_deviation: 10
  block_restart_interval: 16
  index_block_restart_interval: 1
  metadata_block_size: 4096
  partition_filters: 0
  use_delta_encoding: 1
  filter_policy: nullptr
  whole_key_filtering: 1
  verify_compression: 0
  read_amp_bytes_per_bit: 0
  format_version: 2
  enable_index_compression: 1
  block_align: 0
2020/12/28-02:59:10.609209 2e2af40        Options.write_buffer_size: 67108864
2020/12/28-02:59:10.609211 2e2af40  Options.max_write_buffer_number: 2
2020/12/28-02:59:10.609212 2e2af40          Options.compression: Snappy
2020/12/28-02:59:10.609214 2e2af40                  Options.bottommost_compression: Disabled
2020/12/28-02:59:10.609216 2e2af40       Options.prefix_extractor: nullptr
2020/12/28-02:59:10.609217 2e2af40   Options.memtable_insert_with_hint_prefix_extractor: nullptr
2020/12/28-02:59:10.609219 2e2af40             Options.num_levels: 7
2020/12/28-02:59:10.609221 2e2af40        Options.min_write_buffer_number_to_merge: 1
2020/12/28-02:59:10.609222 2e2af40     Options.max_write_buffer_number_to_maintain: 0
2020/12/28-02:59:10.609224 2e2af40            Options.bottommost_compression_opts.window_bits: -14
2020/12/28-02:59:10.609225 2e2af40                  Options.bottommost_compression_opts.level: 32767
2020/12/28-02:59:10.609227 2e2af40               Options.bottommost_compression_opts.strategy: 0
2020/12/28-02:59:10.609229 2e2af40         Options.bottommost_compression_opts.max_dict_bytes: 0
2020/12/28-02:59:10.609230 2e2af40         Options.bottommost_compression_opts.zstd_max_train_bytes: 0
2020/12/28-02:59:10.609232 2e2af40                  Options.bottommost_compression_opts.enabled: false
2020/12/28-02:59:10.609234 2e2af40            Options.compression_opts.window_bits: -14
2020/12/28-02:59:10.609235 2e2af40                  Options.compression_opts.level: 32767
2020/12/28-02:59:10.609237 2e2af40               Options.compression_opts.strategy: 0
2020/12/28-02:59:10.609239 2e2af40         Options.compression_opts.max_dict_bytes: 0
2020/12/28-02:59:10.609240 2e2af40         Options.compression_opts.zstd_max_train_bytes: 0
2020/12/28-02:59:10.609242 2e2af40                  Options.compression_opts.enabled: false
2020/12/28-02:59:10.609244 2e2af40      Options.level0_file_num_compaction_trigger: 4
2020/12/28-02:59:10.609245 2e2af40          Options.level0_slowdown_writes_trigger: 20
2020/12/28-02:59:10.609247 2e2af40              Options.level0_stop_writes_trigger: 36
2020/12/28-02:59:10.609248 2e2af40                   Options.target_file_size_base: 67108864
2020/12/28-02:59:10.609250 2e2af40             Options.target_file_size_multiplier: 1
2020/12/28-02:59:10.609252 2e2af40                Options.max_bytes_for_level_base: 268435456
2020/12/28-02:59:10.609253 2e2af40 Options.level_compaction_dynamic_level_bytes: 0
2020/12/28-02:59:10.609255 2e2af40          Options.max_bytes_for_level_multiplier: 10.000000
2020/12/28-02:59:10.609257 2e2af40 Options.max_bytes_for_level_multiplier_addtl[0]: 1
2020/12/28-02:59:10.609259 2e2af40 Options.max_bytes_for_level_multiplier_addtl[1]: 1
2020/12/28-02:59:10.609261 2e2af40 Options.max_bytes_for_level_multiplier_addtl[2]: 1
2020/12/28-02:59:10.609262 2e2af40 Options.max_bytes_for_level_multiplier_addtl[3]: 1
2020/12/28-02:59:10.609264 2e2af40 Options.max_bytes_for_level_multiplier_addtl[4]: 1
2020/12/28-02:59:10.609266 2e2af40 Options.max_bytes_for_level_multiplier_addtl[5]: 1
2020/12/28-02:59:10.609267 2e2af40 Options.max_bytes_for_level_multiplier_addtl[6]: 1
2020/12/28-02:59:10.609269 2e2af40       Options.max_sequential_skip_in_iterations: 8
2020/12/28-02:59:10.609270 2e2af40                    Options.max_compaction_bytes: 1677721600
2020/12/28-02:59:10.609272 2e2af40                        Options.arena_block_size: 8388608
2020/12/28-02:59:10.609274 2e2af40   Options.soft_pending_compaction_bytes_limit: 68719476736
2020/12/28-02:59:10.609275 2e2af40   Options.hard_pending_compaction_bytes_limit: 274877906944
2020/12/28-02:59:10.609281 2e2af40       Options.rate_limit_delay_max_milliseconds: 100
2020/12/28-02:59:10.609282 2e2af40                Options.disable_auto_compactions: 0
2020/12/28-02:59:10.609284 2e2af40                        Options.compaction_style: kCompactionStyleLevel
2020/12/28-02:59:10.609287 2e2af40                          Options.compaction_pri: kMinOverlappingRatio
2020/12/28-02:59:10.609288 2e2af40 Options.compaction_options_universal.size_ratio: 1
2020/12/28-02:59:10.609290 2e2af40 Options.compaction_options_universal.min_merge_width: 2
2020/12/28-02:59:10.609291 2e2af40 Options.compaction_options_universal.max_merge_width: 4294967295
2020/12/28-02:59:10.609293 2e2af40 Options.compaction_options_universal.max_size_amplification_percent: 200
2020/12/28-02:59:10.609295 2e2af40 Options.compaction_options_universal.compression_size_percent: -1
2020/12/28-02:59:10.609297 2e2af40 Options.compaction_options_universal.stop_style: kCompactionStopStyleTotalSize
2020/12/28-02:59:10.609299 2e2af40 Options.compaction_options_fifo.max_table_files_size: 1073741824
2020/12/28-02:59:10.609301 2e2af40 Options.compaction_options_fifo.allow_compaction: 0
2020/12/28-02:59:10.609303 2e2af40                   Options.table_properties_collectors: 
2020/12/28-02:59:10.609305 2e2af40                   Options.inplace_update_support: 0
2020/12/28-02:59:10.609307 2e2af40                 Options.inplace_update_num_locks: 10000
2020/12/28-02:59:10.609309 2e2af40               Options.memtable_prefix_bloom_size_ratio: 0.000000
2020/12/28-02:59:10.609311 2e2af40               Options.memtable_whole_key_filtering: 0
2020/12/28-02:59:10.609312 2e2af40   Options.memtable_huge_page_size: 0
2020/12/28-02:59:10.609314 2e2af40                           Options.bloom_locality: 0
2020/12/28-02:59:10.609315 2e2af40                    Options.max_successive_merges: 0
2020/12/28-02:59:10.609317 2e2af40                Options.optimize_filters_for_hits: 0
2020/12/28-02:59:10.609319 2e2af40                Options.paranoid_file_checks: 0
2020/12/28-02:59:10.609320 2e2af40                Options.force_consistency_checks: 0
2020/12/28-02:59:10.609322 2e2af40                Options.report_bg_io_stats: 0
2020/12/28-02:59:10.609323 2e2af40                               Options.ttl: 0
2020/12/28-02:59:10.610408 2e2af40 [db/version_set.cc:3731] Recovered from manifest file:data//group1/pbftMsgBackup/RocksDB/MANIFEST-000568 succeeded,manifest_file_number is 568, next_file_number is 574, last_sequence is 518, log_number is 0,prev_log_number is 0,max_column_family is 0,min_log_number_to_keep is 0
2020/12/28-02:59:10.610414 2e2af40 [db/version_set.cc:3739] Column family [default] (ID 0), log number is 567
2020/12/28-02:59:10.610537 2e2af40 EVENT_LOG_v1 {"time_micros": 1609124350610535, "job": 1, "event": "recovery_started", "log_files": [569]}
2020/12/28-02:59:10.610543 2e2af40 [db/db_impl_open.cc:583] Recovering log #569 mode 2
2020/12/28-02:59:10.610595 2e2af40 [db/version_set.cc:3034] Creating manifest 574
2020/12/28-02:59:10.614175 2e2af40 EVENT_LOG_v1 {"time_micros": 1609124350614173, "job": 1, "event": "recovery_finished"}
2020/12/28-02:59:10.618332 2e2af40 DB pointer 0x3878000
