2020/12/28-02:59:10.421312 2ee6f40 RocksDB version: 6.0.2
2020/12/28-02:59:10.421347 2ee6f40 Git sha rocksdb_build_git_sha:@0@
2020/12/28-02:59:10.421349 2ee6f40 Compile date Aug 14 2020
2020/12/28-02:59:10.421352 2ee6f40 DB SUMMARY
2020/12/28-02:59:10.421450 2ee6f40 CURRENT file:  CURRENT
2020/12/28-02:59:10.421452 2ee6f40 IDENTITY file:  IDENTITY
2020/12/28-02:59:10.421458 2ee6f40 MANIFEST file:  MANIFEST-000568 size: 370 Bytes
2020/12/28-02:59:10.421461 2ee6f40 SST files in data//group1/pbftMsgBackup/RocksDB dir, Total Num: 1, files: 000572.sst 
2020/12/28-02:59:10.421462 2ee6f40 Write Ahead Log file in data//group1/pbftMsgBackup/RocksDB: 000569.log size: 0 ; 
2020/12/28-02:59:10.421471 2ee6f40                         Options.error_if_exists: 0
2020/12/28-02:59:10.421473 2ee6f40                       Options.create_if_missing: 1
2020/12/28-02:59:10.421475 2ee6f40                         Options.paranoid_checks: 1
2020/12/28-02:59:10.421477 2ee6f40                                     Options.env: 0x21d3400
2020/12/28-02:59:10.421480 2ee6f40                                Options.info_log: 0x3bd8190
2020/12/28-02:59:10.421482 2ee6f40                Options.max_file_opening_threads: 16
2020/12/28-02:59:10.421484 2ee6f40                              Options.statistics: (nil)
2020/12/28-02:59:10.421487 2ee6f40                               Options.use_fsync: 0
2020/12/28-02:59:10.421489 2ee6f40                       Options.max_log_file_size: 0
2020/12/28-02:59:10.421491 2ee6f40                  Options.max_manifest_file_size: 1073741824
2020/12/28-02:59:10.421493 2ee6f40                   Options.log_file_time_to_roll: 0
2020/12/28-02:59:10.421494 2ee6f40                       Options.keep_log_file_num: 1000
2020/12/28-02:59:10.421496 2ee6f40                    Options.recycle_log_file_num: 0
2020/12/28-02:59:10.421497 2ee6f40                         Options.allow_fallocate: 1
2020/12/28-02:59:10.421499 2ee6f40                        Options.allow_mmap_reads: 0
2020/12/28-02:59:10.421501 2ee6f40                       Options.allow_mmap_writes: 0
2020/12/28-02:59:10.421502 2ee6f40                        Options.use_direct_reads: 0
2020/12/28-02:59:10.421504 2ee6f40                        Options.use_direct_io_for_flush_and_compaction: 0
2020/12/28-02:59:10.421506 2ee6f40          Options.create_missing_column_families: 0
2020/12/28-02:59:10.421507 2ee6f40                              Options.db_log_dir: 
2020/12/28-02:59:10.421509 2ee6f40                                 Options.wal_dir: data//group1/pbftMsgBackup/RocksDB
2020/12/28-02:59:10.421511 2ee6f40                Options.table_cache_numshardbits: 6
2020/12/28-02:59:10.421512 2ee6f40                      Options.max_subcompactions: 1
2020/12/28-02:59:10.421514 2ee6f40                  Options.max_background_flushes: -1
2020/12/28-02:59:10.421515 2ee6f40                         Options.WAL_ttl_seconds: 0
2020/12/28-02:59:10.421517 2ee6f40                       Options.WAL_size_limit_MB: 0
2020/12/28-02:59:10.421520 2ee6f40             Options.manifest_preallocation_size: 4194304
2020/12/28-02:59:10.421523 2ee6f40                     Options.is_fd_close_on_exec: 1
2020/12/28-02:59:10.421527 2ee6f40                   Options.advise_random_on_open: 1
2020/12/28-02:59:10.421529 2ee6f40                    Options.db_write_buffer_size: 0
2020/12/28-02:59:10.421531 2ee6f40                    Options.write_buffer_manager: 0x3ba9f80
2020/12/28-02:59:10.421534 2ee6f40         Options.access_hint_on_compaction_start: 1
2020/12/28-02:59:10.421536 2ee6f40  Options.new_table_reader_for_compaction_inputs: 0
2020/12/28-02:59:10.421538 2ee6f40           Options.random_access_max_buffer_size: 1048576
2020/12/28-02:59:10.421539 2ee6f40                      Options.use_adaptive_mutex: 0
2020/12/28-02:59:10.421541 2ee6f40                            Options.rate_limiter: (nil)
2020/12/28-02:59:10.421544 2ee6f40     Options.sst_file_manager.rate_bytes_per_sec: 0
2020/12/28-02:59:10.421546 2ee6f40                       Options.wal_recovery_mode: 2
2020/12/28-02:59:10.421548 2ee6f40                  Options.enable_thread_tracking: 0
2020/12/28-02:59:10.421550 2ee6f40                  Options.enable_pipelined_write: 0
2020/12/28-02:59:10.421563 2ee6f40         Options.allow_concurrent_memtable_write: 1
2020/12/28-02:59:10.421565 2ee6f40      Options.enable_write_thread_adaptive_yield: 1
2020/12/28-02:59:10.421567 2ee6f40             Options.write_thread_max_yield_usec: 100
2020/12/28-02:59:10.421569 2ee6f40            Options.write_thread_slow_yield_usec: 3
2020/12/28-02:59:10.421571 2ee6f40                               Options.row_cache: None
2020/12/28-02:59:10.421573 2ee6f40                              Options.wal_filter: None
2020/12/28-02:59:10.421576 2ee6f40             Options.avoid_flush_during_recovery: 0
2020/12/28-02:59:10.421578 2ee6f40             Options.allow_ingest_behind: 0
2020/12/28-02:59:10.421580 2ee6f40             Options.preserve_deletes: 0
2020/12/28-02:59:10.421582 2ee6f40             Options.two_write_queues: 0
2020/12/28-02:59:10.421584 2ee6f40             Options.manual_wal_flush: 0
2020/12/28-02:59:10.421586 2ee6f40             Options.max_background_jobs: 2
2020/12/28-02:59:10.421588 2ee6f40             Options.max_background_compactions: -1
2020/12/28-02:59:10.421591 2ee6f40             Options.avoid_flush_during_shutdown: 0
2020/12/28-02:59:10.421593 2ee6f40           Options.writable_file_max_buffer_size: 1048576
2020/12/28-02:59:10.421595 2ee6f40             Options.delayed_write_rate : 16777216
2020/12/28-02:59:10.421597 2ee6f40             Options.max_total_wal_size: 0
2020/12/28-02:59:10.421599 2ee6f40             Options.delete_obsolete_files_period_micros: 21600000000
2020/12/28-02:59:10.421602 2ee6f40                   Options.stats_dump_period_sec: 600
2020/12/28-02:59:10.421604 2ee6f40                 Options.stats_persist_period_sec: 600
2020/12/28-02:59:10.421606 2ee6f40                 Options.stats_history_buffer_size: 1048576
2020/12/28-02:59:10.421608 2ee6f40                          Options.max_open_files: 200
2020/12/28-02:59:10.421610 2ee6f40                          Options.bytes_per_sync: 0
2020/12/28-02:59:10.421612 2ee6f40                      Options.wal_bytes_per_sync: 0
2020/12/28-02:59:10.421614 2ee6f40       Options.compaction_readahead_size: 0
2020/12/28-02:59:10.421617 2ee6f40 Compression algorithms supported:
2020/12/28-02:59:10.421619 2ee6f40 	kZSTDNotFinalCompression supported: 0
2020/12/28-02:59:10.421622 2ee6f40 	kZSTD supported: 0
2020/12/28-02:59:10.421627 2ee6f40 	kXpressCompression supported: 0
2020/12/28-02:59:10.421629 2ee6f40 	kLZ4HCCompression supported: 0
2020/12/28-02:59:10.421631 2ee6f40 	kLZ4Compression supported: 0
2020/12/28-02:59:10.421634 2ee6f40 	kBZip2Compression supported: 0
2020/12/28-02:59:10.421636 2ee6f40 	kZlibCompression supported: 0
2020/12/28-02:59:10.421638 2ee6f40 	kSnappyCompression supported: 1
2020/12/28-02:59:10.421645 2ee6f40 Fast CRC32 supported: Supported on x86
2020/12/28-02:59:10.421761 2ee6f40 [db/version_set.cc:3517] Recovering from manifest file: MANIFEST-000568
2020/12/28-02:59:10.421806 2ee6f40 [db/column_family.cc:470] --------------- Options for column family [default]:
2020/12/28-02:59:10.421808 2ee6f40               Options.comparator: leveldb.BytewiseComparator
2020/12/28-02:59:10.421810 2ee6f40           Options.merge_operator: None
2020/12/28-02:59:10.421811 2ee6f40        Options.compaction_filter: None
2020/12/28-02:59:10.421813 2ee6f40        Options.compaction_filter_factory: None
2020/12/28-02:59:10.421815 2ee6f40         Options.memtable_factory: SkipListFactory
2020/12/28-02:59:10.421816 2ee6f40            Options.table_factory: BlockBasedTable
2020/12/28-02:59:10.421833 2ee6f40            table_factory options:   flush_block_policy_factory: FlushBlockBySizePolicyFactory (0x372ad98)
  cache_index_and_filter_blocks: 0
  cache_index_and_filter_blocks_with_high_priority: 0
  pin_l0_filter_and_index_blocks_in_cache: 0
  pin_top_level_index_and_filter: 1
  index_type: 0
  hash_index_allow_collision: 1
  checksum: 1
  no_block_cache: 0
  block_cache: 0x3993f10
  block_cache_name: LRUCache
  block_cache_options:
    capacity : 8388608
    num_shard_bits : 4
    strict_capacity_limit : 0
    memory_allocator : None
    high_pri_pool_ratio: 0.000
  block_cache_compressed: (nil)
  persistent_cache: (nil)
  block_size: 4096
  block_size_deviation: 10
  block_restart_interval: 16
  index_block_restart_interval: 1
  metadata_block_size: 4096
  partition_filters: 0
  use_delta_encoding: 1
  filter_policy: nullptr
  whole_key_filtering: 1
  verify_compression: 0
  read_amp_bytes_per_bit: 0
  format_version: 2
  enable_index_compression: 1
  block_align: 0
2020/12/28-02:59:10.421843 2ee6f40        Options.write_buffer_size: 67108864
2020/12/28-02:59:10.421845 2ee6f40  Options.max_write_buffer_number: 2
2020/12/28-02:59:10.421847 2ee6f40          Options.compression: Snappy
2020/12/28-02:59:10.421849 2ee6f40                  Options.bottommost_compression: Disabled
2020/12/28-02:59:10.421850 2ee6f40       Options.prefix_extractor: nullptr
2020/12/28-02:59:10.421852 2ee6f40   Options.memtable_insert_with_hint_prefix_extractor: nullptr
2020/12/28-02:59:10.421854 2ee6f40             Options.num_levels: 7
2020/12/28-02:59:10.421855 2ee6f40        Options.min_write_buffer_number_to_merge: 1
2020/12/28-02:59:10.421857 2ee6f40     Options.max_write_buffer_number_to_maintain: 0
2020/12/28-02:59:10.421859 2ee6f40            Options.bottommost_compression_opts.window_bits: -14
2020/12/28-02:59:10.421861 2ee6f40                  Options.bottommost_compression_opts.level: 32767
2020/12/28-02:59:10.421863 2ee6f40               Options.bottommost_compression_opts.strategy: 0
2020/12/28-02:59:10.421865 2ee6f40         Options.bottommost_compression_opts.max_dict_bytes: 0
2020/12/28-02:59:10.421867 2ee6f40         Options.bottommost_compression_opts.zstd_max_train_bytes: 0
2020/12/28-02:59:10.421870 2ee6f40                  Options.bottommost_compression_opts.enabled: false
2020/12/28-02:59:10.421872 2ee6f40            Options.compression_opts.window_bits: -14
2020/12/28-02:59:10.421874 2ee6f40                  Options.compression_opts.level: 32767
2020/12/28-02:59:10.421876 2ee6f40               Options.compression_opts.strategy: 0
2020/12/28-02:59:10.421879 2ee6f40         Options.compression_opts.max_dict_bytes: 0
2020/12/28-02:59:10.421881 2ee6f40         Options.compression_opts.zstd_max_train_bytes: 0
2020/12/28-02:59:10.421883 2ee6f40                  Options.compression_opts.enabled: false
2020/12/28-02:59:10.421885 2ee6f40      Options.level0_file_num_compaction_trigger: 4
2020/12/28-02:59:10.421888 2ee6f40          Options.level0_slowdown_writes_trigger: 20
2020/12/28-02:59:10.421890 2ee6f40              Options.level0_stop_writes_trigger: 36
2020/12/28-02:59:10.421891 2ee6f40                   Options.target_file_size_base: 67108864
2020/12/28-02:59:10.421893 2ee6f40             Options.target_file_size_multiplier: 1
2020/12/28-02:59:10.421895 2ee6f40                Options.max_bytes_for_level_base: 268435456
2020/12/28-02:59:10.421896 2ee6f40 Options.level_compaction_dynamic_level_bytes: 0
2020/12/28-02:59:10.421898 2ee6f40          Options.max_bytes_for_level_multiplier: 10.000000
2020/12/28-02:59:10.421900 2ee6f40 Options.max_bytes_for_level_multiplier_addtl[0]: 1
2020/12/28-02:59:10.421902 2ee6f40 Options.max_bytes_for_level_multiplier_addtl[1]: 1
2020/12/28-02:59:10.421904 2ee6f40 Options.max_bytes_for_level_multiplier_addtl[2]: 1
2020/12/28-02:59:10.421905 2ee6f40 Options.max_bytes_for_level_multiplier_addtl[3]: 1
2020/12/28-02:59:10.421907 2ee6f40 Options.max_bytes_for_level_multiplier_addtl[4]: 1
2020/12/28-02:59:10.421909 2ee6f40 Options.max_bytes_for_level_multiplier_addtl[5]: 1
2020/12/28-02:59:10.421910 2ee6f40 Options.max_bytes_for_level_multiplier_addtl[6]: 1
2020/12/28-02:59:10.421912 2ee6f40       Options.max_sequential_skip_in_iterations: 8
2020/12/28-02:59:10.421914 2ee6f40                    Options.max_compaction_bytes: 1677721600
2020/12/28-02:59:10.421915 2ee6f40                        Options.arena_block_size: 8388608
2020/12/28-02:59:10.421917 2ee6f40   Options.soft_pending_compaction_bytes_limit: 68719476736
2020/12/28-02:59:10.421918 2ee6f40   Options.hard_pending_compaction_bytes_limit: 274877906944
2020/12/28-02:59:10.421926 2ee6f40       Options.rate_limit_delay_max_milliseconds: 100
2020/12/28-02:59:10.421927 2ee6f40                Options.disable_auto_compactions: 0
2020/12/28-02:59:10.421929 2ee6f40                        Options.compaction_style: kCompactionStyleLevel
2020/12/28-02:59:10.421931 2ee6f40                          Options.compaction_pri: kMinOverlappingRatio
2020/12/28-02:59:10.421933 2ee6f40 Options.compaction_options_universal.size_ratio: 1
2020/12/28-02:59:10.421935 2ee6f40 Options.compaction_options_universal.min_merge_width: 2
2020/12/28-02:59:10.421936 2ee6f40 Options.compaction_options_universal.max_merge_width: 4294967295
2020/12/28-02:59:10.421938 2ee6f40 Options.compaction_options_universal.max_size_amplification_percent: 200
2020/12/28-02:59:10.421939 2ee6f40 Options.compaction_options_universal.compression_size_percent: -1
2020/12/28-02:59:10.421941 2ee6f40 Options.compaction_options_universal.stop_style: kCompactionStopStyleTotalSize
2020/12/28-02:59:10.421943 2ee6f40 Options.compaction_options_fifo.max_table_files_size: 1073741824
2020/12/28-02:59:10.421944 2ee6f40 Options.compaction_options_fifo.allow_compaction: 0
2020/12/28-02:59:10.421946 2ee6f40                   Options.table_properties_collectors: 
2020/12/28-02:59:10.421948 2ee6f40                   Options.inplace_update_support: 0
2020/12/28-02:59:10.421949 2ee6f40                 Options.inplace_update_num_locks: 10000
2020/12/28-02:59:10.421951 2ee6f40               Options.memtable_prefix_bloom_size_ratio: 0.000000
2020/12/28-02:59:10.421953 2ee6f40               Options.memtable_whole_key_filtering: 0
2020/12/28-02:59:10.421955 2ee6f40   Options.memtable_huge_page_size: 0
2020/12/28-02:59:10.421956 2ee6f40                           Options.bloom_locality: 0
2020/12/28-02:59:10.421958 2ee6f40                    Options.max_successive_merges: 0
2020/12/28-02:59:10.421959 2ee6f40                Options.optimize_filters_for_hits: 0
2020/12/28-02:59:10.421961 2ee6f40                Options.paranoid_file_checks: 0
2020/12/28-02:59:10.421963 2ee6f40                Options.force_consistency_checks: 0
2020/12/28-02:59:10.421964 2ee6f40                Options.report_bg_io_stats: 0
2020/12/28-02:59:10.421966 2ee6f40                               Options.ttl: 0
2020/12/28-02:59:10.423079 2ee6f40 [db/version_set.cc:3731] Recovered from manifest file:data//group1/pbftMsgBackup/RocksDB/MANIFEST-000568 succeeded,manifest_file_number is 568, next_file_number is 574, last_sequence is 519, log_number is 0,prev_log_number is 0,max_column_family is 0,min_log_number_to_keep is 0
2020/12/28-02:59:10.423085 2ee6f40 [db/version_set.cc:3739] Column family [default] (ID 0), log number is 567
2020/12/28-02:59:10.423189 2ee6f40 EVENT_LOG_v1 {"time_micros": 1609124350423186, "job": 1, "event": "recovery_started", "log_files": [569]}
2020/12/28-02:59:10.423192 2ee6f40 [db/db_impl_open.cc:583] Recovering log #569 mode 2
2020/12/28-02:59:10.423244 2ee6f40 [db/version_set.cc:3034] Creating manifest 574
2020/12/28-02:59:10.434508 2ee6f40 EVENT_LOG_v1 {"time_micros": 1609124350434504, "job": 1, "event": "recovery_finished"}
2020/12/28-02:59:10.441620 2ee6f40 DB pointer 0x3962000
