2020/12/28-02:59:10.414952 3825f40 RocksDB version: 6.0.2
2020/12/28-02:59:10.415024 3825f40 Git sha rocksdb_build_git_sha:@0@
2020/12/28-02:59:10.415030 3825f40 Compile date Aug 14 2020
2020/12/28-02:59:10.415033 3825f40 DB SUMMARY
2020/12/28-02:59:10.415201 3825f40 CURRENT file:  CURRENT
2020/12/28-02:59:10.415205 3825f40 IDENTITY file:  IDENTITY
2020/12/28-02:59:10.415214 3825f40 MANIFEST file:  MANIFEST-000565 size: 370 Bytes
2020/12/28-02:59:10.415216 3825f40 SST files in data//group1/pbftMsgBackup/RocksDB dir, Total Num: 1, files: 000569.sst 
2020/12/28-02:59:10.415219 3825f40 Write Ahead Log file in data//group1/pbftMsgBackup/RocksDB: 000566.log size: 0 ; 
2020/12/28-02:59:10.415227 3825f40                         Options.error_if_exists: 0
2020/12/28-02:59:10.415229 3825f40                       Options.create_if_missing: 1
2020/12/28-02:59:10.415231 3825f40                         Options.paranoid_checks: 1
2020/12/28-02:59:10.415233 3825f40                                     Options.env: 0x21d3400
2020/12/28-02:59:10.415235 3825f40                                Options.info_log: 0x4514280
2020/12/28-02:59:10.415237 3825f40                Options.max_file_opening_threads: 16
2020/12/28-02:59:10.415239 3825f40                              Options.statistics: (nil)
2020/12/28-02:59:10.415241 3825f40                               Options.use_fsync: 0
2020/12/28-02:59:10.415243 3825f40                       Options.max_log_file_size: 0
2020/12/28-02:59:10.415245 3825f40                  Options.max_manifest_file_size: 1073741824
2020/12/28-02:59:10.415247 3825f40                   Options.log_file_time_to_roll: 0
2020/12/28-02:59:10.415249 3825f40                       Options.keep_log_file_num: 1000
2020/12/28-02:59:10.415251 3825f40                    Options.recycle_log_file_num: 0
2020/12/28-02:59:10.415253 3825f40                         Options.allow_fallocate: 1
2020/12/28-02:59:10.415255 3825f40                        Options.allow_mmap_reads: 0
2020/12/28-02:59:10.415257 3825f40                       Options.allow_mmap_writes: 0
2020/12/28-02:59:10.415259 3825f40                        Options.use_direct_reads: 0
2020/12/28-02:59:10.415261 3825f40                        Options.use_direct_io_for_flush_and_compaction: 0
2020/12/28-02:59:10.415263 3825f40          Options.create_missing_column_families: 0
2020/12/28-02:59:10.415265 3825f40                              Options.db_log_dir: 
2020/12/28-02:59:10.415267 3825f40                                 Options.wal_dir: data//group1/pbftMsgBackup/RocksDB
2020/12/28-02:59:10.415269 3825f40                Options.table_cache_numshardbits: 6
2020/12/28-02:59:10.415271 3825f40                      Options.max_subcompactions: 1
2020/12/28-02:59:10.415273 3825f40                  Options.max_background_flushes: -1
2020/12/28-02:59:10.415275 3825f40                         Options.WAL_ttl_seconds: 0
2020/12/28-02:59:10.415277 3825f40                       Options.WAL_size_limit_MB: 0
2020/12/28-02:59:10.415279 3825f40             Options.manifest_preallocation_size: 4194304
2020/12/28-02:59:10.415281 3825f40                     Options.is_fd_close_on_exec: 1
2020/12/28-02:59:10.415283 3825f40                   Options.advise_random_on_open: 1
2020/12/28-02:59:10.415285 3825f40                    Options.db_write_buffer_size: 0
2020/12/28-02:59:10.415287 3825f40                    Options.write_buffer_manager: 0x452e4b0
2020/12/28-02:59:10.415289 3825f40         Options.access_hint_on_compaction_start: 1
2020/12/28-02:59:10.415291 3825f40  Options.new_table_reader_for_compaction_inputs: 0
2020/12/28-02:59:10.415293 3825f40           Options.random_access_max_buffer_size: 1048576
2020/12/28-02:59:10.415295 3825f40                      Options.use_adaptive_mutex: 0
2020/12/28-02:59:10.415296 3825f40                            Options.rate_limiter: (nil)
2020/12/28-02:59:10.415299 3825f40     Options.sst_file_manager.rate_bytes_per_sec: 0
2020/12/28-02:59:10.415300 3825f40                       Options.wal_recovery_mode: 2
2020/12/28-02:59:10.415302 3825f40                  Options.enable_thread_tracking: 0
2020/12/28-02:59:10.415305 3825f40                  Options.enable_pipelined_write: 0
2020/12/28-02:59:10.415326 3825f40         Options.allow_concurrent_memtable_write: 1
2020/12/28-02:59:10.415329 3825f40      Options.enable_write_thread_adaptive_yield: 1
2020/12/28-02:59:10.415331 3825f40             Options.write_thread_max_yield_usec: 100
2020/12/28-02:59:10.415333 3825f40            Options.write_thread_slow_yield_usec: 3
2020/12/28-02:59:10.415335 3825f40                               Options.row_cache: None
2020/12/28-02:59:10.415337 3825f40                              Options.wal_filter: None
2020/12/28-02:59:10.415339 3825f40             Options.avoid_flush_during_recovery: 0
2020/12/28-02:59:10.415341 3825f40             Options.allow_ingest_behind: 0
2020/12/28-02:59:10.415344 3825f40             Options.preserve_deletes: 0
2020/12/28-02:59:10.415346 3825f40             Options.two_write_queues: 0
2020/12/28-02:59:10.415348 3825f40             Options.manual_wal_flush: 0
2020/12/28-02:59:10.415351 3825f40             Options.max_background_jobs: 2
2020/12/28-02:59:10.415355 3825f40             Options.max_background_compactions: -1
2020/12/28-02:59:10.415358 3825f40             Options.avoid_flush_during_shutdown: 0
2020/12/28-02:59:10.415360 3825f40           Options.writable_file_max_buffer_size: 1048576
2020/12/28-02:59:10.415362 3825f40             Options.delayed_write_rate : 16777216
2020/12/28-02:59:10.415365 3825f40             Options.max_total_wal_size: 0
2020/12/28-02:59:10.415367 3825f40             Options.delete_obsolete_files_period_micros: 21600000000
2020/12/28-02:59:10.415369 3825f40                   Options.stats_dump_period_sec: 600
2020/12/28-02:59:10.415371 3825f40                 Options.stats_persist_period_sec: 600
2020/12/28-02:59:10.415373 3825f40                 Options.stats_history_buffer_size: 1048576
2020/12/28-02:59:10.415376 3825f40                          Options.max_open_files: 200
2020/12/28-02:59:10.415378 3825f40                          Options.bytes_per_sync: 0
2020/12/28-02:59:10.415380 3825f40                      Options.wal_bytes_per_sync: 0
2020/12/28-02:59:10.415383 3825f40       Options.compaction_readahead_size: 0
2020/12/28-02:59:10.415385 3825f40 Compression algorithms supported:
2020/12/28-02:59:10.415388 3825f40 	kZSTDNotFinalCompression supported: 0
2020/12/28-02:59:10.415393 3825f40 	kZSTD supported: 0
2020/12/28-02:59:10.415395 3825f40 	kXpressCompression supported: 0
2020/12/28-02:59:10.415398 3825f40 	kLZ4HCCompression supported: 0
2020/12/28-02:59:10.415400 3825f40 	kLZ4Compression supported: 0
2020/12/28-02:59:10.415402 3825f40 	kBZip2Compression supported: 0
2020/12/28-02:59:10.415404 3825f40 	kZlibCompression supported: 0
2020/12/28-02:59:10.415407 3825f40 	kSnappyCompression supported: 1
2020/12/28-02:59:10.415412 3825f40 Fast CRC32 supported: Supported on x86
2020/12/28-02:59:10.415624 3825f40 [db/version_set.cc:3517] Recovering from manifest file: MANIFEST-000565
2020/12/28-02:59:10.415696 3825f40 [db/column_family.cc:470] --------------- Options for column family [default]:
2020/12/28-02:59:10.415702 3825f40               Options.comparator: leveldb.BytewiseComparator
2020/12/28-02:59:10.415706 3825f40           Options.merge_operator: None
2020/12/28-02:59:10.415708 3825f40        Options.compaction_filter: None
2020/12/28-02:59:10.415710 3825f40        Options.compaction_filter_factory: None
2020/12/28-02:59:10.415713 3825f40         Options.memtable_factory: SkipListFactory
2020/12/28-02:59:10.415715 3825f40            Options.table_factory: BlockBasedTable
2020/12/28-02:59:10.415753 3825f40            table_factory options:   flush_block_policy_factory: FlushBlockBySizePolicyFactory (0x406ad98)
  cache_index_and_filter_blocks: 0
  cache_index_and_filter_blocks_with_high_priority: 0
  pin_l0_filter_and_index_blocks_in_cache: 0
  pin_top_level_index_and_filter: 1
  index_type: 0
  hash_index_allow_collision: 1
  checksum: 1
  no_block_cache: 0
  block_cache: 0x4325e90
  block_cache_name: LRUCache
  block_cache_options:
    capacity : 8388608
    num_shard_bits : 4
    strict_capacity_limit : 0
    memory_allocator : None
    high_pri_pool_ratio: 0.000
  block_cache_compressed: (nil)
  persistent_cache: (nil)
  block_size: 4096
  block_size_deviation: 10
  block_restart_interval: 16
  index_block_restart_interval: 1
  metadata_block_size: 4096
  partition_filters: 0
  use_delta_encoding: 1
  filter_policy: nullptr
  whole_key_filtering: 1
  verify_compression: 0
  read_amp_bytes_per_bit: 0
  format_version: 2
  enable_index_compression: 1
  block_align: 0
2020/12/28-02:59:10.415768 3825f40        Options.write_buffer_size: 67108864
2020/12/28-02:59:10.415771 3825f40  Options.max_write_buffer_number: 2
2020/12/28-02:59:10.415776 3825f40          Options.compression: Snappy
2020/12/28-02:59:10.415778 3825f40                  Options.bottommost_compression: Disabled
2020/12/28-02:59:10.415781 3825f40       Options.prefix_extractor: nullptr
2020/12/28-02:59:10.415783 3825f40   Options.memtable_insert_with_hint_prefix_extractor: nullptr
2020/12/28-02:59:10.415785 3825f40             Options.num_levels: 7
2020/12/28-02:59:10.415787 3825f40        Options.min_write_buffer_number_to_merge: 1
2020/12/28-02:59:10.415790 3825f40     Options.max_write_buffer_number_to_maintain: 0
2020/12/28-02:59:10.415792 3825f40            Options.bottommost_compression_opts.window_bits: -14
2020/12/28-02:59:10.415794 3825f40                  Options.bottommost_compression_opts.level: 32767
2020/12/28-02:59:10.415797 3825f40               Options.bottommost_compression_opts.strategy: 0
2020/12/28-02:59:10.415799 3825f40         Options.bottommost_compression_opts.max_dict_bytes: 0
2020/12/28-02:59:10.415801 3825f40         Options.bottommost_compression_opts.zstd_max_train_bytes: 0
2020/12/28-02:59:10.415803 3825f40                  Options.bottommost_compression_opts.enabled: false
2020/12/28-02:59:10.415806 3825f40            Options.compression_opts.window_bits: -14
2020/12/28-02:59:10.415811 3825f40                  Options.compression_opts.level: 32767
2020/12/28-02:59:10.415813 3825f40               Options.compression_opts.strategy: 0
2020/12/28-02:59:10.415816 3825f40         Options.compression_opts.max_dict_bytes: 0
2020/12/28-02:59:10.415818 3825f40         Options.compression_opts.zstd_max_train_bytes: 0
2020/12/28-02:59:10.415820 3825f40                  Options.compression_opts.enabled: false
2020/12/28-02:59:10.415822 3825f40      Options.level0_file_num_compaction_trigger: 4
2020/12/28-02:59:10.415824 3825f40          Options.level0_slowdown_writes_trigger: 20
2020/12/28-02:59:10.415827 3825f40              Options.level0_stop_writes_trigger: 36
2020/12/28-02:59:10.415829 3825f40                   Options.target_file_size_base: 67108864
2020/12/28-02:59:10.415831 3825f40             Options.target_file_size_multiplier: 1
2020/12/28-02:59:10.415868 3825f40                Options.max_bytes_for_level_base: 268435456
2020/12/28-02:59:10.415872 3825f40 Options.level_compaction_dynamic_level_bytes: 0
2020/12/28-02:59:10.415875 3825f40          Options.max_bytes_for_level_multiplier: 10.000000
2020/12/28-02:59:10.415878 3825f40 Options.max_bytes_for_level_multiplier_addtl[0]: 1
2020/12/28-02:59:10.415880 3825f40 Options.max_bytes_for_level_multiplier_addtl[1]: 1
2020/12/28-02:59:10.415883 3825f40 Options.max_bytes_for_level_multiplier_addtl[2]: 1
2020/12/28-02:59:10.415885 3825f40 Options.max_bytes_for_level_multiplier_addtl[3]: 1
2020/12/28-02:59:10.415887 3825f40 Options.max_bytes_for_level_multiplier_addtl[4]: 1
2020/12/28-02:59:10.415889 3825f40 Options.max_bytes_for_level_multiplier_addtl[5]: 1
2020/12/28-02:59:10.415891 3825f40 Options.max_bytes_for_level_multiplier_addtl[6]: 1
2020/12/28-02:59:10.415893 3825f40       Options.max_sequential_skip_in_iterations: 8
2020/12/28-02:59:10.415896 3825f40                    Options.max_compaction_bytes: 1677721600
2020/12/28-02:59:10.415898 3825f40                        Options.arena_block_size: 8388608
2020/12/28-02:59:10.415900 3825f40   Options.soft_pending_compaction_bytes_limit: 68719476736
2020/12/28-02:59:10.415904 3825f40   Options.hard_pending_compaction_bytes_limit: 274877906944
2020/12/28-02:59:10.415921 3825f40       Options.rate_limit_delay_max_milliseconds: 100
2020/12/28-02:59:10.415924 3825f40                Options.disable_auto_compactions: 0
2020/12/28-02:59:10.415928 3825f40                        Options.compaction_style: kCompactionStyleLevel
2020/12/28-02:59:10.415931 3825f40                          Options.compaction_pri: kMinOverlappingRatio
2020/12/28-02:59:10.415933 3825f40 Options.compaction_options_universal.size_ratio: 1
2020/12/28-02:59:10.415936 3825f40 Options.compaction_options_universal.min_merge_width: 2
2020/12/28-02:59:10.415939 3825f40 Options.compaction_options_universal.max_merge_width: 4294967295
2020/12/28-02:59:10.415941 3825f40 Options.compaction_options_universal.max_size_amplification_percent: 200
2020/12/28-02:59:10.415946 3825f40 Options.compaction_options_universal.compression_size_percent: -1
2020/12/28-02:59:10.415950 3825f40 Options.compaction_options_universal.stop_style: kCompactionStopStyleTotalSize
2020/12/28-02:59:10.415953 3825f40 Options.compaction_options_fifo.max_table_files_size: 1073741824
2020/12/28-02:59:10.415956 3825f40 Options.compaction_options_fifo.allow_compaction: 0
2020/12/28-02:59:10.415958 3825f40                   Options.table_properties_collectors: 
2020/12/28-02:59:10.415961 3825f40                   Options.inplace_update_support: 0
2020/12/28-02:59:10.415963 3825f40                 Options.inplace_update_num_locks: 10000
2020/12/28-02:59:10.415965 3825f40               Options.memtable_prefix_bloom_size_ratio: 0.000000
2020/12/28-02:59:10.415968 3825f40               Options.memtable_whole_key_filtering: 0
2020/12/28-02:59:10.415970 3825f40   Options.memtable_huge_page_size: 0
2020/12/28-02:59:10.415972 3825f40                           Options.bloom_locality: 0
2020/12/28-02:59:10.415975 3825f40                    Options.max_successive_merges: 0
2020/12/28-02:59:10.415977 3825f40                Options.optimize_filters_for_hits: 0
2020/12/28-02:59:10.415981 3825f40                Options.paranoid_file_checks: 0
2020/12/28-02:59:10.415984 3825f40                Options.force_consistency_checks: 0
2020/12/28-02:59:10.415986 3825f40                Options.report_bg_io_stats: 0
2020/12/28-02:59:10.415989 3825f40                               Options.ttl: 0
2020/12/28-02:59:10.419667 3825f40 [db/version_set.cc:3731] Recovered from manifest file:data//group1/pbftMsgBackup/RocksDB/MANIFEST-000565 succeeded,manifest_file_number is 565, next_file_number is 571, last_sequence is 520, log_number is 0,prev_log_number is 0,max_column_family is 0,min_log_number_to_keep is 0
2020/12/28-02:59:10.419674 3825f40 [db/version_set.cc:3739] Column family [default] (ID 0), log number is 564
2020/12/28-02:59:10.419871 3825f40 EVENT_LOG_v1 {"time_micros": 1609124350419867, "job": 1, "event": "recovery_started", "log_files": [566]}
2020/12/28-02:59:10.419879 3825f40 [db/db_impl_open.cc:583] Recovering log #566 mode 2
2020/12/28-02:59:10.419973 3825f40 [db/version_set.cc:3034] Creating manifest 571
2020/12/28-02:59:10.429902 3825f40 EVENT_LOG_v1 {"time_micros": 1609124350429898, "job": 1, "event": "recovery_finished"}
2020/12/28-02:59:10.436184 3825f40 DB pointer 0x4274000
