2021/04/17-06:56:21.174985 35e9f40 RocksDB version: 6.0.2
2021/04/17-06:56:21.175035 35e9f40 Git sha rocksdb_build_git_sha:@0@
2021/04/17-06:56:21.175038 35e9f40 Compile date Aug 14 2020
2021/04/17-06:56:21.175041 35e9f40 DB SUMMARY
2021/04/17-06:56:21.175068 35e9f40 CURRENT file:  CURRENT
2021/04/17-06:56:21.175071 35e9f40 IDENTITY file:  IDENTITY
2021/04/17-06:56:21.175075 35e9f40 MANIFEST file:  MANIFEST-000005 size: 132 Bytes
2021/04/17-06:56:21.175077 35e9f40 SST files in data//group1/block/RocksDB dir, Total Num: 1, files: 000004.sst 
2021/04/17-06:56:21.175080 35e9f40 Write Ahead Log file in data//group1/block/RocksDB: 000006.log size: 424572 ; 
2021/04/17-06:56:21.175083 35e9f40                         Options.error_if_exists: 0
2021/04/17-06:56:21.175085 35e9f40                       Options.create_if_missing: 1
2021/04/17-06:56:21.175087 35e9f40                         Options.paranoid_checks: 1
2021/04/17-06:56:21.175089 35e9f40                                     Options.env: 0x21d3400
2021/04/17-06:56:21.175091 35e9f40                                Options.info_log: 0x444ba90
2021/04/17-06:56:21.175093 35e9f40                Options.max_file_opening_threads: 16
2021/04/17-06:56:21.175095 35e9f40                              Options.statistics: (nil)
2021/04/17-06:56:21.175098 35e9f40                               Options.use_fsync: 0
2021/04/17-06:56:21.175100 35e9f40                       Options.max_log_file_size: 0
2021/04/17-06:56:21.175102 35e9f40                  Options.max_manifest_file_size: 1073741824
2021/04/17-06:56:21.175104 35e9f40                   Options.log_file_time_to_roll: 0
2021/04/17-06:56:21.175106 35e9f40                       Options.keep_log_file_num: 1000
2021/04/17-06:56:21.175108 35e9f40                    Options.recycle_log_file_num: 0
2021/04/17-06:56:21.175109 35e9f40                         Options.allow_fallocate: 1
2021/04/17-06:56:21.175111 35e9f40                        Options.allow_mmap_reads: 0
2021/04/17-06:56:21.175113 35e9f40                       Options.allow_mmap_writes: 0
2021/04/17-06:56:21.175115 35e9f40                        Options.use_direct_reads: 0
2021/04/17-06:56:21.175117 35e9f40                        Options.use_direct_io_for_flush_and_compaction: 0
2021/04/17-06:56:21.175119 35e9f40          Options.create_missing_column_families: 0
2021/04/17-06:56:21.175121 35e9f40                              Options.db_log_dir: 
2021/04/17-06:56:21.175123 35e9f40                                 Options.wal_dir: data//group1/block/RocksDB
2021/04/17-06:56:21.175125 35e9f40                Options.table_cache_numshardbits: 6
2021/04/17-06:56:21.175127 35e9f40                      Options.max_subcompactions: 1
2021/04/17-06:56:21.175129 35e9f40                  Options.max_background_flushes: -1
2021/04/17-06:56:21.175131 35e9f40                         Options.WAL_ttl_seconds: 0
2021/04/17-06:56:21.175134 35e9f40                       Options.WAL_size_limit_MB: 0
2021/04/17-06:56:21.175135 35e9f40             Options.manifest_preallocation_size: 4194304
2021/04/17-06:56:21.175137 35e9f40                     Options.is_fd_close_on_exec: 1
2021/04/17-06:56:21.175139 35e9f40                   Options.advise_random_on_open: 1
2021/04/17-06:56:21.175141 35e9f40                    Options.db_write_buffer_size: 0
2021/04/17-06:56:21.175143 35e9f40                    Options.write_buffer_manager: 0x3e89f50
2021/04/17-06:56:21.175145 35e9f40         Options.access_hint_on_compaction_start: 1
2021/04/17-06:56:21.175147 35e9f40  Options.new_table_reader_for_compaction_inputs: 0
2021/04/17-06:56:21.175150 35e9f40           Options.random_access_max_buffer_size: 1048576
2021/04/17-06:56:21.175152 35e9f40                      Options.use_adaptive_mutex: 0
2021/04/17-06:56:21.175154 35e9f40                            Options.rate_limiter: (nil)
2021/04/17-06:56:21.175156 35e9f40     Options.sst_file_manager.rate_bytes_per_sec: 0
2021/04/17-06:56:21.175158 35e9f40                       Options.wal_recovery_mode: 2
2021/04/17-06:56:21.175161 35e9f40                  Options.enable_thread_tracking: 0
2021/04/17-06:56:21.175163 35e9f40                  Options.enable_pipelined_write: 0
2021/04/17-06:56:21.175177 35e9f40         Options.allow_concurrent_memtable_write: 1
2021/04/17-06:56:21.175179 35e9f40      Options.enable_write_thread_adaptive_yield: 1
2021/04/17-06:56:21.175181 35e9f40             Options.write_thread_max_yield_usec: 100
2021/04/17-06:56:21.175183 35e9f40            Options.write_thread_slow_yield_usec: 3
2021/04/17-06:56:21.175184 35e9f40                               Options.row_cache: None
2021/04/17-06:56:21.175186 35e9f40                              Options.wal_filter: None
2021/04/17-06:56:21.175189 35e9f40             Options.avoid_flush_during_recovery: 0
2021/04/17-06:56:21.175190 35e9f40             Options.allow_ingest_behind: 0
2021/04/17-06:56:21.175192 35e9f40             Options.preserve_deletes: 0
2021/04/17-06:56:21.175194 35e9f40             Options.two_write_queues: 0
2021/04/17-06:56:21.175196 35e9f40             Options.manual_wal_flush: 0
2021/04/17-06:56:21.175198 35e9f40             Options.max_background_jobs: 2
2021/04/17-06:56:21.175200 35e9f40             Options.max_background_compactions: -1
2021/04/17-06:56:21.175202 35e9f40             Options.avoid_flush_during_shutdown: 0
2021/04/17-06:56:21.175204 35e9f40           Options.writable_file_max_buffer_size: 1048576
2021/04/17-06:56:21.175206 35e9f40             Options.delayed_write_rate : 16777216
2021/04/17-06:56:21.175208 35e9f40             Options.max_total_wal_size: 0
2021/04/17-06:56:21.175210 35e9f40             Options.delete_obsolete_files_period_micros: 21600000000
2021/04/17-06:56:21.175212 35e9f40                   Options.stats_dump_period_sec: 600
2021/04/17-06:56:21.175214 35e9f40                 Options.stats_persist_period_sec: 600
2021/04/17-06:56:21.175216 35e9f40                 Options.stats_history_buffer_size: 1048576
2021/04/17-06:56:21.175218 35e9f40                          Options.max_open_files: 200
2021/04/17-06:56:21.175220 35e9f40                          Options.bytes_per_sync: 0
2021/04/17-06:56:21.175222 35e9f40                      Options.wal_bytes_per_sync: 0
2021/04/17-06:56:21.175224 35e9f40       Options.compaction_readahead_size: 0
2021/04/17-06:56:21.175226 35e9f40 Compression algorithms supported:
2021/04/17-06:56:21.175229 35e9f40 	kZSTDNotFinalCompression supported: 0
2021/04/17-06:56:21.175232 35e9f40 	kZSTD supported: 0
2021/04/17-06:56:21.175234 35e9f40 	kXpressCompression supported: 0
2021/04/17-06:56:21.175237 35e9f40 	kLZ4HCCompression supported: 0
2021/04/17-06:56:21.175239 35e9f40 	kLZ4Compression supported: 0
2021/04/17-06:56:21.175241 35e9f40 	kBZip2Compression supported: 0
2021/04/17-06:56:21.175243 35e9f40 	kZlibCompression supported: 0
2021/04/17-06:56:21.175245 35e9f40 	kSnappyCompression supported: 1
2021/04/17-06:56:21.175251 35e9f40 Fast CRC32 supported: Supported on x86
2021/04/17-06:56:21.175447 35e9f40 [db/version_set.cc:3517] Recovering from manifest file: MANIFEST-000005
2021/04/17-06:56:21.175511 35e9f40 [db/column_family.cc:470] --------------- Options for column family [default]:
2021/04/17-06:56:21.175514 35e9f40               Options.comparator: leveldb.BytewiseComparator
2021/04/17-06:56:21.175517 35e9f40           Options.merge_operator: None
2021/04/17-06:56:21.175519 35e9f40        Options.compaction_filter: None
2021/04/17-06:56:21.175521 35e9f40        Options.compaction_filter_factory: None
2021/04/17-06:56:21.175524 35e9f40         Options.memtable_factory: SkipListFactory
2021/04/17-06:56:21.175526 35e9f40            Options.table_factory: BlockBasedTable
2021/04/17-06:56:21.175552 35e9f40            table_factory options:   flush_block_policy_factory: FlushBlockBySizePolicyFactory (0x3e2e5f0)
  cache_index_and_filter_blocks: 0
  cache_index_and_filter_blocks_with_high_priority: 0
  pin_l0_filter_and_index_blocks_in_cache: 0
  pin_top_level_index_and_filter: 1
  index_type: 0
  hash_index_allow_collision: 1
  checksum: 1
  no_block_cache: 0
  block_cache: 0x3e86790
  block_cache_name: LRUCache
  block_cache_options:
    capacity : 8388608
    num_shard_bits : 4
    strict_capacity_limit : 0
    memory_allocator : None
    high_pri_pool_ratio: 0.000
  block_cache_compressed: (nil)
  persistent_cache: (nil)
  block_size: 4096
  block_size_deviation: 10
  block_restart_interval: 16
  index_block_restart_interval: 1
  metadata_block_size: 4096
  partition_filters: 0
  use_delta_encoding: 1
  filter_policy: nullptr
  whole_key_filtering: 1
  verify_compression: 0
  read_amp_bytes_per_bit: 0
  format_version: 2
  enable_index_compression: 1
  block_align: 0
2021/04/17-06:56:21.175575 35e9f40        Options.write_buffer_size: 67108864
2021/04/17-06:56:21.175577 35e9f40  Options.max_write_buffer_number: 2
2021/04/17-06:56:21.175579 35e9f40          Options.compression: Snappy
2021/04/17-06:56:21.175581 35e9f40                  Options.bottommost_compression: Disabled
2021/04/17-06:56:21.175583 35e9f40       Options.prefix_extractor: nullptr
2021/04/17-06:56:21.175585 35e9f40   Options.memtable_insert_with_hint_prefix_extractor: nullptr
2021/04/17-06:56:21.175587 35e9f40             Options.num_levels: 7
2021/04/17-06:56:21.175589 35e9f40        Options.min_write_buffer_number_to_merge: 1
2021/04/17-06:56:21.175591 35e9f40     Options.max_write_buffer_number_to_maintain: 0
2021/04/17-06:56:21.175593 35e9f40            Options.bottommost_compression_opts.window_bits: -14
2021/04/17-06:56:21.175595 35e9f40                  Options.bottommost_compression_opts.level: 32767
2021/04/17-06:56:21.175597 35e9f40               Options.bottommost_compression_opts.strategy: 0
2021/04/17-06:56:21.175599 35e9f40         Options.bottommost_compression_opts.max_dict_bytes: 0
2021/04/17-06:56:21.175601 35e9f40         Options.bottommost_compression_opts.zstd_max_train_bytes: 0
2021/04/17-06:56:21.175602 35e9f40                  Options.bottommost_compression_opts.enabled: false
2021/04/17-06:56:21.175604 35e9f40            Options.compression_opts.window_bits: -14
2021/04/17-06:56:21.175606 35e9f40                  Options.compression_opts.level: 32767
2021/04/17-06:56:21.175608 35e9f40               Options.compression_opts.strategy: 0
2021/04/17-06:56:21.175610 35e9f40         Options.compression_opts.max_dict_bytes: 0
2021/04/17-06:56:21.175612 35e9f40         Options.compression_opts.zstd_max_train_bytes: 0
2021/04/17-06:56:21.175614 35e9f40                  Options.compression_opts.enabled: false
2021/04/17-06:56:21.175616 35e9f40      Options.level0_file_num_compaction_trigger: 4
2021/04/17-06:56:21.175618 35e9f40          Options.level0_slowdown_writes_trigger: 20
2021/04/17-06:56:21.175620 35e9f40              Options.level0_stop_writes_trigger: 36
2021/04/17-06:56:21.175622 35e9f40                   Options.target_file_size_base: 67108864
2021/04/17-06:56:21.175624 35e9f40             Options.target_file_size_multiplier: 1
2021/04/17-06:56:21.175626 35e9f40                Options.max_bytes_for_level_base: 268435456
2021/04/17-06:56:21.175628 35e9f40 Options.level_compaction_dynamic_level_bytes: 0
2021/04/17-06:56:21.175630 35e9f40          Options.max_bytes_for_level_multiplier: 10.000000
2021/04/17-06:56:21.175633 35e9f40 Options.max_bytes_for_level_multiplier_addtl[0]: 1
2021/04/17-06:56:21.175635 35e9f40 Options.max_bytes_for_level_multiplier_addtl[1]: 1
2021/04/17-06:56:21.175637 35e9f40 Options.max_bytes_for_level_multiplier_addtl[2]: 1
2021/04/17-06:56:21.175639 35e9f40 Options.max_bytes_for_level_multiplier_addtl[3]: 1
2021/04/17-06:56:21.175641 35e9f40 Options.max_bytes_for_level_multiplier_addtl[4]: 1
2021/04/17-06:56:21.175642 35e9f40 Options.max_bytes_for_level_multiplier_addtl[5]: 1
2021/04/17-06:56:21.175644 35e9f40 Options.max_bytes_for_level_multiplier_addtl[6]: 1
2021/04/17-06:56:21.175646 35e9f40       Options.max_sequential_skip_in_iterations: 8
2021/04/17-06:56:21.175648 35e9f40                    Options.max_compaction_bytes: 1677721600
2021/04/17-06:56:21.175650 35e9f40                        Options.arena_block_size: 8388608
2021/04/17-06:56:21.175652 35e9f40   Options.soft_pending_compaction_bytes_limit: 68719476736
2021/04/17-06:56:21.175654 35e9f40   Options.hard_pending_compaction_bytes_limit: 274877906944
2021/04/17-06:56:21.175664 35e9f40       Options.rate_limit_delay_max_milliseconds: 100
2021/04/17-06:56:21.175666 35e9f40                Options.disable_auto_compactions: 0
2021/04/17-06:56:21.175668 35e9f40                        Options.compaction_style: kCompactionStyleLevel
2021/04/17-06:56:21.175671 35e9f40                          Options.compaction_pri: kMinOverlappingRatio
2021/04/17-06:56:21.175673 35e9f40 Options.compaction_options_universal.size_ratio: 1
2021/04/17-06:56:21.175675 35e9f40 Options.compaction_options_universal.min_merge_width: 2
2021/04/17-06:56:21.175677 35e9f40 Options.compaction_options_universal.max_merge_width: 4294967295
2021/04/17-06:56:21.175679 35e9f40 Options.compaction_options_universal.max_size_amplification_percent: 200
2021/04/17-06:56:21.175681 35e9f40 Options.compaction_options_universal.compression_size_percent: -1
2021/04/17-06:56:21.175683 35e9f40 Options.compaction_options_universal.stop_style: kCompactionStopStyleTotalSize
2021/04/17-06:56:21.175685 35e9f40 Options.compaction_options_fifo.max_table_files_size: 1073741824
2021/04/17-06:56:21.175687 35e9f40 Options.compaction_options_fifo.allow_compaction: 0
2021/04/17-06:56:21.175689 35e9f40                   Options.table_properties_collectors: 
2021/04/17-06:56:21.175691 35e9f40                   Options.inplace_update_support: 0
2021/04/17-06:56:21.175693 35e9f40                 Options.inplace_update_num_locks: 10000
2021/04/17-06:56:21.175695 35e9f40               Options.memtable_prefix_bloom_size_ratio: 0.000000
2021/04/17-06:56:21.175697 35e9f40               Options.memtable_whole_key_filtering: 0
2021/04/17-06:56:21.175699 35e9f40   Options.memtable_huge_page_size: 0
2021/04/17-06:56:21.175701 35e9f40                           Options.bloom_locality: 0
2021/04/17-06:56:21.175703 35e9f40                    Options.max_successive_merges: 0
2021/04/17-06:56:21.175705 35e9f40                Options.optimize_filters_for_hits: 0
2021/04/17-06:56:21.175707 35e9f40                Options.paranoid_file_checks: 0
2021/04/17-06:56:21.175709 35e9f40                Options.force_consistency_checks: 0
2021/04/17-06:56:21.175711 35e9f40                Options.report_bg_io_stats: 0
2021/04/17-06:56:21.175713 35e9f40                               Options.ttl: 0
2021/04/17-06:56:21.177559 35e9f40 [db/version_set.cc:3731] Recovered from manifest file:data//group1/block/RocksDB/MANIFEST-000005 succeeded,manifest_file_number is 5, next_file_number is 7, last_sequence is 7, log_number is 0,prev_log_number is 0,max_column_family is 0,min_log_number_to_keep is 0
2021/04/17-06:56:21.177570 35e9f40 [db/version_set.cc:3739] Column family [default] (ID 0), log number is 4
2021/04/17-06:56:21.177647 35e9f40 EVENT_LOG_v1 {"time_micros": 1618642581177643, "job": 1, "event": "recovery_started", "log_files": [6]}
2021/04/17-06:56:21.177652 35e9f40 [db/db_impl_open.cc:583] Recovering log #6 mode 2
2021/04/17-06:56:21.181785 35e9f40 EVENT_LOG_v1 {"time_micros": 1618642581181778, "cf_name": "default", "job": 1, "event": "table_file_creation", "file_number": 7, "file_size": 145023, "table_properties": {"data_size": 142206, "index_size": 4061, "filter_size": 0, "raw_key_size": 40109, "raw_average_key_size": 80, "raw_value_size": 336812, "raw_average_value_size": 679, "num_data_blocks": 71, "num_entries": 496, "filter_policy_name": ""}}
2021/04/17-06:56:21.181834 35e9f40 [db/version_set.cc:3034] Creating manifest 8
2021/04/17-06:56:21.185818 35e9f40 EVENT_LOG_v1 {"time_micros": 1618642581185813, "job": 1, "event": "recovery_finished"}
2021/04/17-06:56:21.190906 35e9f40 DB pointer 0x4439200
